Case #1: 19 2 2 2 2 2 2 2 2 2 2 2 2 3 5 5 1 1 1 1
Case #2: 8 2 2 2 3 29 1 1 1
Case #3: 10 2 3 3 5 5 7 13 1 1 1
Case #4: -1
Case #5: 19 2 2 2 2 3 5 13 1 1 1 1 1 1 1 1 1 1 1 1
Case #6: 24 2 2 2 2 2 2 2 3 3 3 5 1 1 1 1 1 1 1 1 1 1 1 1 1
Case #7: 31 11 1 1 1 1 1 1 1 1 1 1 1 1 1 1 1 1 1 1 1 1 1 1 1 1 1 1 1 1 1 1
Case #8: -1
Case #9: -1
Case #10: 15 2 2 3 3 3 5 5 5 7 1 1 1 1 1 1
Case #11: 20 2 2 2 3 3 3 5 5 5 1 1 1 1 1 1 1 1 1 1 1
Case #12: -1
Case #13: 14 2 2 2 3 3 3 3 5 13 1 1 1 1 1
Case #14: 23 2 2 2 2 3 3 11 1 1 1 1 1 1 1 1 1 1 1 1 1 1 1 1
Case #15: 22 2 2 2 2 2 2 2 2 2 2 2 3 3 5 1 1 1 1 1 1 1 1
Case #16: 20 2 2 2 5 5 11 1 1 1 1 1 1 1 1 1 1 1 1 1 1
Case #17: 24 2 2 2 2 2 2 2 3 3 3 3 3 1 1 1 1 1 1 1 1 1 1 1 1
Case #18: 18 2 2 2 2 2 3 3 5 5 7 1 1 1 1 1 1 1 1
Case #19: 11 2 2 2 2 3 5 5 7 11 1 1
Case #20: 23 2 2 2 2 3 3 3 5 5 1 1 1 1 1 1 1 1 1 1 1 1 1 1
Case #21: 22 2 2 2 2 2 2 2 3 3 5 5 1 1 1 1 1 1 1 1 1 1 1
Case #22: 25 2 2 2 2 3 3 5 5 1 1 1 1 1 1 1 1 1 1 1 1 1 1 1 1 1
Case #23: 22 2 2 2 3 3 3 3 5 5 1 1 1 1 1 1 1 1 1 1 1 1 1
Case #24: 35 2 2 3 3 1 1 1 1 1 1 1 1 1 1 1 1 1 1 1 1 1 1 1 1 1 1 1 1 1 1 1 1 1 1 1
Case #25: 15 2 2 2 2 3 5 5 5 5 5 1 1 1 1 1
Case #26: 12 2 3 3 5 5 5 7 7 1 1 1 1
Case #27: 16 2 2 2 2 2 3 19 1 1 1 1 1 1 1 1 1
Case #28: -1
Case #29: 22 2 2 2 2 2 2 2 2 2 2 2 2 2 7 1 1 1 1 1 1 1 1
Case #30: 18 2 2 2 2 2 2 2 3 3 3 3 3 3 5 1 1 1 1
Case #31: -1
Case #32: -1
Case #33: 13 2 2 3 3 3 3 3 5 13 1 1 1 1
Case #34: 28 2 7 7 1 1 1 1 1 1 1 1 1 1 1 1 1 1 1 1 1 1 1 1 1 1 1 1 1
Case #35: 18 2 2 2 2 2 2 2 2 2 2 2 2 2 3 5 5 1 1
Case #36: -1
Case #37: 15 2 2 3 3 3 3 3 3 5 5 5 1 1 1 1
Case #38: 29 7 7 1 1 1 1 1 1 1 1 1 1 1 1 1 1 1 1 1 1 1 1 1 1 1 1 1 1 1
Case #39: 21 2 2 2 2 3 5 5 7 1 1 1 1 1 1 1 1 1 1 1 1 1
Case #40: 24 2 2 2 3 3 3 3 7 1 1 1 1 1 1 1 1 1 1 1 1 1 1 1 1
Case #41: 21 2 2 2 2 2 2 2 2 3 3 3 3 5 1 1 1 1 1 1 1 1
Case #42: 23 2 2 2 2 2 2 3 3 3 3 5 1 1 1 1 1 1 1 1 1 1 1 1
Case #43: -1
Case #44: 25 2 2 3 3 11 1 1 1 1 1 1 1 1 1 1 1 1 1 1 1 1 1 1 1 1
Case #45: 20 2 2 2 2 2 2 2 3 3 3 3 3 3 3 1 1 1 1 1 1
Case #46: 14 2 2 2 2 2 3 5 5 13 1 1 1 1 1
Case #47: 11 2 2 2 2 3 3 5 19 1 1 1
Case #48: -1
Case #49: 29 2 2 11 1 1 1 1 1 1 1 1 1 1 1 1 1 1 1 1 1 1 1 1 1 1 1 1 1 1
Case #50: -1
Case #51: 16 2 2 2 2 2 2 2 5 5 5 7 1 1 1 1 1
Case #52: 22 2 2 2 2 2 5 5 7 1 1 1 1 1 1 1 1 1 1 1 1 1 1
Case #53: -1
Case #54: -1
Case #55: -1
Case #56: 21 3 3 3 3 3 3 3 3 5 1 1 1 1 1 1 1 1 1 1 1 1
Case #57: 9 2 2 31 1 1 1 1 1 1
Case #58: 18 2 3 3 5 5 5 7 1 1 1 1 1 1 1 1 1 1 1
Case #59: 19 2 2 3 5 5 5 7 1 1 1 1 1 1 1 1 1 1 1 1
Case #60: -1
Case #61: 18 2 2 2 2 2 2 2 2 2 2 2 3 5 7 1 1 1 1
Case #62: -1
Case #63: 16 2 2 2 2 2 2 2 3 3 3 3 5 7 1 1 1
Case #64: 17 2 2 3 3 3 3 3 7 7 1 1 1 1 1 1 1 1
Case #65: 25 2 2 2 2 2 2 3 3 3 5 1 1 1 1 1 1 1 1 1 1 1 1 1 1 1
Case #66: -1
Case #67: -1
Case #68: 12 2 2 2 2 2 3 3 11 11 1 1 1
Case #69: -1
Case #70: -1
Case #71: -1
Case #72: 15 2 2 2 2 2 2 3 3 5 5 5 5 1 1 1
Case #73: 21 5 17 1 1 1 1 1 1 1 1 1 1 1 1 1 1 1 1 1 1 1
Case #74: 20 2 2 2 3 3 3 3 3 5 5 1 1 1 1 1 1 1 1 1 1
Case #75: 32 2 3 3 5 1 1 1 1 1 1 1 1 1 1 1 1 1 1 1 1 1 1 1 1 1 1 1 1 1 1 1 1
Case #76: 13 2 2 3 5 5 7 11 1 1 1 1 1 1
Case #77: 21 2 2 2 2 2 2 2 2 2 2 2 2 2 2 7 1 1 1 1 1 1
Case #78: 29 2 2 3 3 3 5 1 1 1 1 1 1 1 1 1 1 1 1 1 1 1 1 1 1 1 1 1 1 1
Case #79: 22 2 2 2 3 5 5 7 1 1 1 1 1 1 1 1 1 1 1 1 1 1 1
Case #80: 27 2 2 3 3 3 3 5 1 1 1 1 1 1 1 1 1 1 1 1 1 1 1 1 1 1 1 1
Case #81: 25 2 2 2 2 3 3 3 3 3 3 1 1 1 1 1 1 1 1 1 1 1 1 1 1 1
Case #82: 30 2 2 2 2 2 7 1 1 1 1 1 1 1 1 1 1 1 1 1 1 1 1 1 1 1 1 1 1 1 1
Case #83: 16 2 3 5 5 5 11 1 1 1 1 1 1 1 1 1 1
Case #84: 17 2 2 2 2 2 2 2 2 3 3 3 11 1 1 1 1 1
Case #85: 13 29 1 1 1 1 1 1 1 1 1 1 1 1
Case #86: 23 2 2 2 2 3 7 7 1 1 1 1 1 1 1 1 1 1 1 1 1 1 1 1
Case #87: 23 2 2 3 3 3 3 3 7 1 1 1 1 1 1 1 1 1 1 1 1 1 1 1
Case #88: 16 2 2 2 3 3 5 5 5 7 1 1 1 1 1 1 1
Case #89: -1
Case #90: 20 2 2 2 3 3 3 3 3 3 3 3 3 1 1 1 1 1 1 1 1
Case #91: -1
Case #92: 10 2 3 3 5 11 13 1 1 1 1
Case #93: 15 2 2 2 2 7 7 11 1 1 1 1 1 1 1 1
Case #94: 15 2 2 2 2 3 3 3 3 3 5 5 5 1 1 1
Case #95: 24 2 2 2 2 2 2 2 3 3 7 1 1 1 1 1 1 1 1 1 1 1 1 1 1
Case #96: -1
Case #97: -1
Case #98: 18 2 2 2 2 2 3 3 3 3 5 7 1 1 1 1 1 1 1
Case #99: 23 2 2 2 2 3 5 5 5 1 1 1 1 1 1 1 1 1 1 1 1 1 1 1
Case #100: -1
Case #101: 25 2 2 2 2 2 2 2 2 3 7 1 1 1 1 1 1 1 1 1 1 1 1 1 1 1
Case #102: 27 2 2 2 2 2 2 2 2 2 2 3 3 1 1 1 1 1 1 1 1 1 1 1 1 1 1 1
Case #103: 11 2 2 2 2 2 2 3 7 17 1 1
Case #104: 16 2 2 2 2 2 3 3 5 7 7 1 1 1 1 1 1
Case #105: 24 2 3 3 3 3 3 3 5 1 1 1 1 1 1 1 1 1 1 1 1 1 1 1 1
Case #106: 15 2 2 2 2 3 3 3 5 7 7 1 1 1 1 1
Case #107: 9 2 2 2 2 3 5 23 1 1
Case #108: 32 2 5 5 1 1 1 1 1 1 1 1 1 1 1 1 1 1 1 1 1 1 1 1 1 1 1 1 1 1 1 1 1
Case #109: 14 2 2 2 3 3 3 3 7 11 1 1 1 1 1
Case #110: 11 2 2 3 3 3 5 19 1 1 1 1
Case #111: 22 2 2 2 2 2 2 2 2 2 3 3 3 3 3 1 1 1 1 1 1 1 1
Case #112: 18 2 2 2 2 2 3 7 11 1 1 1 1 1 1 1 1 1 1
Case #113: 22 2 2 2 2 2 3 3 5 7 1 1 1 1 1 1 1 1 1 1 1 1 1
Case #114: 20 2 3 3 3 3 7 7 1 1 1 1 1 1 1 1 1 1 1 1 1
Case #115: 19 2 2 2 2 3 3 5 5 7 1 1 1 1 1 1 1 1 1 1
Case #116: 18 2 2 2 2 2 2 2 2 2 3 3 3 5 5 1 1 1 1
Case #117: 21 2 2 3 3 3 5 5 5 1 1 1 1 1 1 1 1 1 1 1 1 1
Case #118: 14 2 2 2 3 3 3 7 13 1 1 1 1 1 1
Case #119: 20 2 2 2 2 2 2 2 3 5 5 5 1 1 1 1 1 1 1 1 1
Case #120: 13 2 2 2 2 3 3 3 3 5 13 1 1 1
Case #121: -1
Case #122: -1
Case #123: 14 2 3 3 5 5 5 5 7 1 1 1 1 1 1
Case #124: 25 3 3 3 3 3 7 1 1 1 1 1 1 1 1 1 1 1 1 1 1 1 1 1 1 1
Case #125: 31 2 2 2 2 7 1 1 1 1 1 1 1 1 1 1 1 1 1 1 1 1 1 1 1 1 1 1 1 1 1 1
Case #126: 12 2 2 2 3 3 3 5 5 13 1 1 1
Case #127: 22 2 3 17 1 1 1 1 1 1 1 1 1 1 1 1 1 1 1 1 1 1 1
Case #128: 16 2 2 2 2 2 3 3 3 3 3 11 1 1 1 1 1
Case #129: 16 2 2 2 3 3 5 5 11 1 1 1 1 1 1 1 1
Case #130: 13 2 2 3 3 3 5 5 13 1 1 1 1 1
Case #131: 14 2 2 2 3 3 5 5 13 1 1 1 1 1 1
Case #132: 18 2 2 2 2 2 3 3 3 3 3 3 7 1 1 1 1 1 1
Case #133: 21 3 3 3 5 5 7 1 1 1 1 1 1 1 1 1 1 1 1 1 1 1
Case #134: -1
Case #135: 23 2 2 2 2 2 2 2 2 2 2 3 3 5 1 1 1 1 1 1 1 1 1 1
Case #136: 13 2 2 3 3 5 7 7 7 1 1 1 1 1
Case #137: 21 2 2 3 3 5 5 7 1 1 1 1 1 1 1 1 1 1 1 1 1 1
Case #138: -1
Case #139: 10 2 2 2 3 5 5 7 13 1 1
Case #140: 21 2 2 3 5 7 7 1 1 1 1 1 1 1 1 1 1 1 1 1 1 1
Case #141: -1
Case #142: 14 2 2 2 2 2 2 2 5 5 13 1 1 1 1
Case #143: 32 2 2 2 7 1 1 1 1 1 1 1 1 1 1 1 1 1 1 1 1 1 1 1 1 1 1 1 1 1 1 1 1
Case #144: 20 2 2 2 2 2 2 2 5 11 1 1 1 1 1 1 1 1 1 1 1
Case #145: 25 2 2 2 2 2 2 2 2 2 2 2 2 5 1 1 1 1 1 1 1 1 1 1 1 1
Case #146: 20 2 2 2 2 2 2 2 2 2 3 3 3 3 3 3 1 1 1 1 1
Case #147: -1
Case #148: -1
Case #149: 17 2 2 3 3 3 7 11 1 1 1 1 1 1 1 1 1 1
Case #150: 32 2 3 7 1 1 1 1 1 1 1 1 1 1 1 1 1 1 1 1 1 1 1 1 1 1 1 1 1 1 1 1 1
Case #151: 19 2 2 2 2 2 2 3 3 5 5 5 1 1 1 1 1 1 1 1
Case #152: -1
Case #153: 20 2 2 2 2 2 2 2 3 3 11 1 1 1 1 1 1 1 1 1 1
Case #154: 19 2 2 2 2 2 2 5 7 7 1 1 1 1 1 1 1 1 1 1
Case #155: -1
Case #156: 18 2 2 2 2 2 2 2 3 3 7 7 1 1 1 1 1 1 1
Case #157: 23 2 2 2 2 2 2 2 2 2 2 2 2 2 2 5 1 1 1 1 1 1 1 1
Case #158: 9 2 2 2 2 3 11 17 1 1
Case #159: 10 2 31 1 1 1 1 1 1 1 1
Case #160: 34 2 2 2 3 3 1 1 1 1 1 1 1 1 1 1 1 1 1 1 1 1 1 1 1 1 1 1 1 1 1 1 1 1 1
Case #161: 19 2 2 2 2 3 3 3 13 1 1 1 1 1 1 1 1 1 1 1
Case #162: 20 2 2 2 2 2 3 3 3 5 7 1 1 1 1 1 1 1 1 1 1
Case #163: 37 2 2 2 2 1 1 1 1 1 1 1 1 1 1 1 1 1 1 1 1 1 1 1 1 1 1 1 1 1 1 1 1 1 1 1 1 1
Case #164: 24 2 2 2 2 2 2 2 2 2 3 3 3 3 1 1 1 1 1 1 1 1 1 1 1
Case #165: 18 2 2 2 2 2 3 5 5 5 5 1 1 1 1 1 1 1 1
Case #166: 24 2 2 2 2 2 3 3 3 3 5 1 1 1 1 1 1 1 1 1 1 1 1 1 1
Case #167: -1
Case #168: 17 2 2 2 2 3 3 3 3 5 5 5 1 1 1 1 1 1
Case #169: 24 2 2 2 2 2 5 5 5 1 1 1 1 1 1 1 1 1 1 1 1 1 1 1 1
Case #170: 15 2 2 2 2 2 2 3 3 5 13 1 1 1 1 1
Case #171: 18 2 2 2 2 2 2 2 3 3 3 11 1 1 1 1 1 1 1
Case #172: 25 2 2 2 2 2 2 3 3 7 1 1 1 1 1 1 1 1 1 1 1 1 1 1 1 1
Case #173: 15 2 2 2 2 3 11 11 1 1 1 1 1 1 1 1
Case #174: 22 2 2 2 2 2 3 3 3 3 3 5 1 1 1 1 1 1 1 1 1 1 1
Case #175: 21 2 2 2 2 3 3 3 3 3 3 5 1 1 1 1 1 1 1 1 1 1
Case #176: 32 2 2 2 2 2 3 3 1 1 1 1 1 1 1 1 1 1 1 1 1 1 1 1 1 1 1 1 1 1 1 1 1
Case #177: -1
Case #178: 15 2 2 3 3 3 3 3 5 5 7 1 1 1 1 1
Case #179: 15 2 2 3 3 5 7 11 1 1 1 1 1 1 1 1
Case #180: 35 2 2 5 1 1 1 1 1 1 1 1 1 1 1 1 1 1 1 1 1 1 1 1 1 1 1 1 1 1 1 1 1 1 1 1
Case #181: 18 2 2 2 2 2 3 3 3 5 5 5 1 1 1 1 1 1 1
Case #182: 17 2 2 3 3 3 3 5 11 1 1 1 1 1 1 1 1 1
Case #183: 34 2 2 2 2 2 3 1 1 1 1 1 1 1 1 1 1 1 1 1 1 1 1 1 1 1 1 1 1 1 1 1 1 1 1
Case #184: 18 2 2 2 2 2 3 3 3 3 3 5 5 1 1 1 1 1 1
Case #185: 18 2 2 2 2 2 3 3 3 13 1 1 1 1 1 1 1 1 1
Case #186: 21 2 2 3 3 3 3 5 7 1 1 1 1 1 1 1 1 1 1 1 1 1
Case #187: 20 2 2 2 2 2 2 2 2 2 2 2 3 5 5 1 1 1 1 1 1
Case #188: 20 2 2 2 3 7 11 1 1 1 1 1 1 1 1 1 1 1 1 1 1
Case #189: 18 2 3 3 3 5 5 5 5 1 1 1 1 1 1 1 1 1 1
Case #190: 6 2 17 19 1 1 1
Case #191: -1
Case #192: -1
Case #193: 15 2 2 3 3 3 3 5 5 5 5 1 1 1 1 1
Case #194: -1
Case #195: 16 2 3 3 3 3 3 3 5 5 5 1 1 1 1 1 1
Case #196: -1
Case #197: 23 2 2 2 2 2 2 2 2 3 3 7 1 1 1 1 1 1 1 1 1 1 1 1
Case #198: -1
Case #199: 18 2 2 2 3 3 5 5 5 5 1 1 1 1 1 1 1 1 1
Case #200: 34 2 7 1 1 1 1 1 1 1 1 1 1 1 1 1 1 1 1 1 1 1 1 1 1 1 1 1 1 1 1 1 1 1 1
Case #201: 36 2 3 3 1 1 1 1 1 1 1 1 1 1 1 1 1 1 1 1 1 1 1 1 1 1 1 1 1 1 1 1 1 1 1 1 1
Case #202: 26 2 2 2 3 3 5 5 1 1 1 1 1 1 1 1 1 1 1 1 1 1 1 1 1 1 1
Case #203: 10 2 3 3 5 23 1 1 1 1 1
Case #204: -1
Case #205: 34 2 3 3 3 1 1 1 1 1 1 1 1 1 1 1 1 1 1 1 1 1 1 1 1 1 1 1 1 1 1 1 1 1 1
Case #206: 21 2 2 2 2 2 2 2 2 2 2 11 1 1 1 1 1 1 1 1 1 1
Case #207: 19 2 2 2 2 3 3 3 7 7 1 1 1 1 1 1 1 1 1 1
Case #208: 19 23 1 1 1 1 1 1 1 1 1 1 1 1 1 1 1 1 1 1
Case #209: 16 2 3 3 3 7 13 1 1 1 1 1 1 1 1 1 1
Case #210: 25 2 2 2 2 2 2 2 2 2 2 2 2 2 2 3 1 1 1 1 1 1 1 1 1 1
Case #211: 13 2 2 5 5 7 13 1 1 1 1 1 1 1
Case #212: -1
Case #213: -1
Case #214: -1
Case #215: 17 2 2 2 2 2 2 2 2 2 2 2 2 3 5 7 1 1
Case #216: 17 2 2 2 2 2 2 2 2 3 3 3 5 7 1 1 1 1
Case #217: 16 2 2 2 2 2 3 3 3 3 7 7 1 1 1 1 1
Case #218: 28 2 13 1 1 1 1 1 1 1 1 1 1 1 1 1 1 1 1 1 1 1 1 1 1 1 1 1 1
Case #219: 15 2 2 3 3 3 3 3 3 3 5 7 1 1 1 1
Case #220: 20 2 2 2 2 2 3 3 3 3 3 3 5 1 1 1 1 1 1 1 1
Case #221: 20 2 2 2 3 3 3 3 11 1 1 1 1 1 1 1 1 1 1 1 1
Case #222: 20 2 2 2 2 2 2 2 2 2 2 2 2 2 2 2 3 5 1 1 1
Case #223: 29 2 2 2 2 2 2 7 1 1 1 1 1 1 1 1 1 1 1 1 1 1 1 1 1 1 1 1 1 1
Case #224: 12 2 3 3 3 3 5 5 7 7 1 1 1
Case #225: 17 2 2 2 2 2 2 2 2 2 2 5 5 7 1 1 1 1
Case #226: 25 3 3 3 3 3 3 5 1 1 1 1 1 1 1 1 1 1 1 1 1 1 1 1 1 1
Case #227: 16 2 2 2 2 2 3 3 7 11 1 1 1 1 1 1 1
Case #228: 18 2 2 2 2 2 2 2 3 5 5 7 1 1 1 1 1 1 1
Case #229: 29 5 5 5 1 1 1 1 1 1 1 1 1 1 1 1 1 1 1 1 1 1 1 1 1 1 1 1 1 1
Case #230: 15 2 2 2 2 2 2 2 2 2 2 3 5 11 1 1
Case #231: 24 2 2 2 2 2 2 2 2 2 2 2 2 2 3 3 1 1 1 1 1 1 1 1 1
Case #232: 21 2 2 2 2 2 2 2 2 2 2 3 3 3 3 3 1 1 1 1 1 1
Case #233: 14 2 3 3 3 5 5 13 1 1 1 1 1 1 1
Case #234: 26 2 3 3 3 3 3 3 3 1 1 1 1 1 1 1 1 1 1 1 1 1 1 1 1 1 1
Case #235: -1
Case #236: 17 2 2 2 2 2 2 3 3 3 3 5 7 1 1 1 1 1
Case #237: 17 2 2 2 2 3 7 7 7 1 1 1 1 1 1 1 1 1
Case #238: -1
Case #239: 18 2 2 2 2 2 5 5 5 7 1 1 1 1 1 1 1 1 1
Case #240: 26 2 2 2 3 3 3 3 5 1 1 1 1 1 1 1 1 1 1 1 1 1 1 1 1 1 1
Case #241: 28 2 2 2 11 1 1 1 1 1 1 1 1 1 1 1 1 1 1 1 1 1 1 1 1 1 1 1 1
Case #242: 34 2 2 2 2 2 2 2 1 1 1 1 1 1 1 1 1 1 1 1 1 1 1 1 1 1 1 1 1 1 1 1 1 1 1
Case #243: -1
Case #244: 19 2 2 2 2 3 3 3 3 11 1 1 1 1 1 1 1 1 1 1
Case #245: 21 2 2 2 2 3 3 3 11 1 1 1 1 1 1 1 1 1 1 1 1 1
Case #246: 21 2 2 2 2 5 5 5 5 1 1 1 1 1 1 1 1 1 1 1 1 1
Case #247: 23 2 2 2 2 2 2 2 2 3 3 3 3 3 1 1 1 1 1 1 1 1 1 1
Case #248: 13 2 2 3 3 3 3 5 5 11 1 1 1 1
Case #249: 16 2 2 2 2 2 3 3 3 3 13 1 1 1 1 1 1
Case #250: 18 2 2 2 2 2 2 2 2 2 3 7 7 1 1 1 1 1 1
Case #251: 23 3 3 3 7 7 1 1 1 1 1 1 1 1 1 1 1 1 1 1 1 1 1 1
Case #252: -1
Case #253: 18 2 2 2 2 2 2 2 2 2 2 2 3 11 1 1 1 1 1
Case #254: 19 2 2 2 2 2 2 2 2 3 3 3 3 7 1 1 1 1 1 1
Case #255: 16 2 2 2 3 3 3 5 5 5 5 1 1 1 1 1 1
Case #256: 25 2 2 2 2 2 2 2 2 3 3 3 3 1 1 1 1 1 1 1 1 1 1 1 1 1
Case #257: 41 1 1 1 1 1 1 1 1 1 1 1 1 1 1 1 1 1 1 1 1 1 1 1 1 1 1 1 1 1 1 1 1 1 1 1 1 1 1 1 1 1
Case #258: 12 2 2 2 3 3 5 5 5 11 1 1 1
Case #259: 29 2 2 2 2 2 2 3 3 3 1 1 1 1 1 1 1 1 1 1 1 1 1 1 1 1 1 1 1 1
Case #260: 16 2 2 2 2 2 3 3 17 1 1 1 1 1 1 1 1
Case #261: 23 2 2 2 2 2 2 2 2 2 2 2 2 7 1 1 1 1 1 1 1 1 1 1
Case #262: 11 31 1 1 1 1 1 1 1 1 1 1
Case #263: 15 2 2 2 2 2 2 2 2 3 7 11 1 1 1 1
Case #264: 10 2 3 3 5 5 19 1 1 1 1
Case #265: 18 2 2 2 2 2 3 3 5 11 1 1 1 1 1 1 1 1 1
Case #266: 16 2 2 2 2 2 2 2 2 2 5 7 7 1 1 1 1
Case #267: -1
Case #268: 15 2 2 2 2 3 3 3 3 3 13 1 1 1 1 1
Case #269: 20 2 3 3 7 11 1 1 1 1 1 1 1 1 1 1 1 1 1 1 1
Case #270: -1
Case #271: 12 2 2 2 3 3 3 5 7 11 1 1 1
Case #272: 21 2 2 2 2 3 3 3 3 3 3 3 3 1 1 1 1 1 1 1 1 1
Case #273: 15 2 2 2 2 2 2 2 2 3 3 5 11 1 1 1
Case #274: 15 2 2 2 2 5 19 1 1 1 1 1 1 1 1 1
Case #275: 35 3 3 3 1 1 1 1 1 1 1 1 1 1 1 1 1 1 1 1 1 1 1 1 1 1 1 1 1 1 1 1 1 1 1 1
Case #276: 22 2 2 2 2 2 3 7 7 1 1 1 1 1 1 1 1 1 1 1 1 1 1
Case #277: 25 5 13 1 1 1 1 1 1 1 1 1 1 1 1 1 1 1 1 1 1 1 1 1 1 1
Case #278: 21 2 2 3 3 3 3 3 3 3 5 1 1 1 1 1 1 1 1 1 1 1
Case #279: 22 2 2 2 5 5 5 5 1 1 1 1 1 1 1 1 1 1 1 1 1 1 1
Case #280: 28 2 2 2 2 2 2 2 2 2 3 3 1 1 1 1 1 1 1 1 1 1 1 1 1 1 1 1 1
Case #281: 31 3 3 3 5 1 1 1 1 1 1 1 1 1 1 1 1 1 1 1 1 1 1 1 1 1 1 1 1 1 1 1
Case #282: 33 3 3 5 1 1 1 1 1 1 1 1 1 1 1 1 1 1 1 1 1 1 1 1 1 1 1 1 1 1 1 1 1 1
Case #283: 14 2 2 2 2 2 2 2 3 7 13 1 1 1 1
Case #284: 22 2 2 2 3 3 3 5 7 1 1 1 1 1 1 1 1 1 1 1 1 1 1
Case #285: 31 3 5 5 1 1 1 1 1 1 1 1 1 1 1 1 1 1 1 1 1 1 1 1 1 1 1 1 1 1 1 1
Case #286: -1
Case #287: 21 2 2 19 1 1 1 1 1 1 1 1 1 1 1 1 1 1 1 1 1 1
Case #288: 19 2 2 2 2 2 2 2 2 2 2 2 2 3 3 3 5 1 1 1
Case #289: 12 2 3 3 3 3 3 5 5 11 1 1 1
Case #290: 18 2 2 2 5 5 13 1 1 1 1 1 1 1 1 1 1 1 1
Case #291: 14 2 2 2 2 2 3 5 5 5 5 5 1 1 1
Case #292: 27 3 3 3 3 7 1 1 1 1 1 1 1 1 1 1 1 1 1 1 1 1 1 1 1 1 1 1
Case #293: 14 2 2 2 2 2 3 3 5 5 5 7 1 1 1
Case #294: 15 5 23 1 1 1 1 1 1 1 1 1 1 1 1 1
Case #295: 24 2 2 2 3 3 5 7 1 1 1 1 1 1 1 1 1 1 1 1 1 1 1 1 1
Case #296: 22 2 2 2 2 2 2 2 5 5 5 1 1 1 1 1 1 1 1 1 1 1 1
Case #297: 14 2 2 2 2 2 3 3 3 7 11 1 1 1 1
Case #298: 14 2 2 2 2 2 2 2 2 2 3 7 11 1 1
Case #299: 30 2 2 2 2 2 2 2 5 1 1 1 1 1 1 1 1 1 1 1 1 1 1 1 1 1 1 1 1 1 1
Case #300: 19 2 2 3 3 3 3 3 5 7 1 1 1 1 1 1 1 1 1 1
Case #301: 16 2 2 2 7 7 11 1 1 1 1 1 1 1 1 1 1
Case #302: 18 2 2 2 2 2 2 2 2 2 3 5 5 5 1 1 1 1 1
Case #303: 19 2 2 2 2 2 2 3 3 3 3 5 5 1 1 1 1 1 1 1
Case #304: -1
Case #305: 20 2 2 2 2 2 3 3 3 11 1 1 1 1 1 1 1 1 1 1 1
Case #306: 26 2 2 2 2 2 2 2 2 2 2 2 2 2 3 1 1 1 1 1 1 1 1 1 1 1 1
Case #307: 27 2 2 13 1 1 1 1 1 1 1 1 1 1 1 1 1 1 1 1 1 1 1 1 1 1 1 1
Case #308: -1
Case #309: 21 2 2 2 2 2 2 2 2 2 2 2 2 2 2 3 5 1 1 1 1 1
Case #310: 26 2 2 2 2 2 3 5 5 1 1 1 1 1 1 1 1 1 1 1 1 1 1 1 1 1 1
Case #311: 13 2 2 2 2 2 2 2 2 3 7 13 1 1
Case #312: 16 2 3 3 3 3 5 5 5 5 1 1 1 1 1 1 1
Case #313: -1
Case #314: 13 2 2 2 2 2 2 3 5 5 7 7 1 1
Case #315: 25 2 2 2 2 3 3 3 7 1 1 1 1 1 1 1 1 1 1 1 1 1 1 1 1 1
Case #316: 14 2 2 2 2 2 3 3 5 5 11 1 1 1 1
Case #317: 17 2 2 2 2 3 3 3 3 3 3 5 5 1 1 1 1 1
Case #318: -1
Case #319: 16 2 3 5 7 13 1 1 1 1 1 1 1 1 1 1 1
Case #320: 11 2 2 2 2 3 3 11 13 1 1 1
Case #321: 26 2 3 3 3 3 7 1 1 1 1 1 1 1 1 1 1 1 1 1 1 1 1 1 1 1 1
Case #322: 23 2 2 2 2 2 2 2 2 3 3 3 5 1 1 1 1 1 1 1 1 1 1 1
Case #323: -1
Case #324: 10 2 2 2 2 2 3 13 13 1 1
Case #325: 16 2 3 3 3 3 3 5 5 7 1 1 1 1 1 1 1
Case #326: -1
Case #327: 27 3 3 11 1 1 1 1 1 1 1 1 1 1 1 1 1 1 1 1 1 1 1 1 1 1 1 1
Case #328: 5 37 1 1 1 1
Case #329: 18 2 2 2 3 3 3 3 3 3 3 3 3 3 1 1 1 1 1
Case #330: -1
Case #331: 12 2 2 2 2 2 3 5 7 13 1 1 1
Case #332: 18 2 2 2 2 2 2 2 3 3 5 5 5 1 1 1 1 1 1
Case #333: 24 2 2 2 2 2 2 2 3 5 5 1 1 1 1 1 1 1 1 1 1 1 1 1 1
Case #334: 6 2 3 5 7 11 13
Case #335: 26 2 5 11 1 1 1 1 1 1 1 1 1 1 1 1 1 1 1 1 1 1 1 1 1 1 1
Case #336: 25 2 2 2 2 2 2 2 2 2 2 2 2 2 2 2 2 1 1 1 1 1 1 1 1 1
Case #337: 12 2 3 3 3 5 5 5 5 7 1 1 1
Case #338: 13 2 2 3 3 5 7 13 1 1 1 1 1 1
Case #339: 24 2 2 2 2 2 3 11 1 1 1 1 1 1 1 1 1 1 1 1 1 1 1 1 1
Case #340: -1
Case #341: 24 2 2 2 2 2 2 2 5 7 1 1 1 1 1 1 1 1 1 1 1 1 1 1 1
Case #342: 22 2 3 3 3 3 3 5 5 1 1 1 1 1 1 1 1 1 1 1 1 1 1
Case #343: 19 2 2 2 2 2 2 2 2 2 2 3 11 1 1 1 1 1 1 1
Case #344: 23 2 2 2 2 2 2 2 2 2 2 2 2 2 2 3 3 1 1 1 1 1 1 1
Case #345: 7 5 7 7 19 1 1 1
Case #346: 27 2 2 2 2 3 3 7 1 1 1 1 1 1 1 1 1 1 1 1 1 1 1 1 1 1 1 1
Case #347: -1
Case #348: 22 2 2 2 2 2 2 2 2 2 2 2 2 2 3 5 1 1 1 1 1 1 1
Case #349: 16 2 2 2 2 2 3 3 3 3 5 5 5 1 1 1 1
Case #350: 15 2 2 2 2 2 2 2 2 3 17 1 1 1 1 1
Case #351: 17 2 2 2 2 3 3 5 7 7 1 1 1 1 1 1 1 1
Case #352: -1
Case #353: 22 2 2 2 3 3 3 11 1 1 1 1 1 1 1 1 1 1 1 1 1 1 1
Case #354: 25 7 11 1 1 1 1 1 1 1 1 1 1 1 1 1 1 1 1 1 1 1 1 1 1 1
Case #355: 16 2 2 2 2 2 3 5 5 5 7 1 1 1 1 1 1
Case #356: 26 2 2 2 2 2 2 2 2 2 3 3 3 1 1 1 1 1 1 1 1 1 1 1 1 1 1
Case #357: 14 2 3 3 3 3 5 5 11 1 1 1 1 1 1
Case #358: 21 2 2 5 5 11 1 1 1 1 1 1 1 1 1 1 1 1 1 1 1 1
Case #359: 22 2 2 2 2 2 3 3 11 1 1 1 1 1 1 1 1 1 1 1 1 1 1
Case #360: 14 2 2 2 2 2 2 2 3 3 7 11 1 1 1
Case #361: 28 2 2 2 2 2 3 7 1 1 1 1 1 1 1 1 1 1 1 1 1 1 1 1 1 1 1 1 1
Case #362: 18 2 2 2 3 3 3 3 5 5 5 1 1 1 1 1 1 1 1
Case #363: -1
Case #364: 15 2 2 2 2 2 2 3 3 3 5 11 1 1 1 1
Case #365: 17 2 2 3 3 3 3 5 5 7 1 1 1 1 1 1 1 1
Case #366: 39 2 2 1 1 1 1 1 1 1 1 1 1 1 1 1 1 1 1 1 1 1 1 1 1 1 1 1 1 1 1 1 1 1 1 1 1 1 1 1
Case #367: 14 2 2 2 5 5 5 7 7 1 1 1 1 1 1
Case #368: 26 2 3 13 1 1 1 1 1 1 1 1 1 1 1 1 1 1 1 1 1 1 1 1 1 1 1
Case #369: 19 2 2 2 2 2 2 3 5 5 7 1 1 1 1 1 1 1 1 1
Case #370: -1
Case #371: 13 2 2 2 2 3 3 5 5 7 7 1 1 1
Case #372: 25 2 2 2 2 5 5 5 1 1 1 1 1 1 1 1 1 1 1 1 1 1 1 1 1 1
Case #373: 24 2 17 1 1 1 1 1 1 1 1 1 1 1 1 1 1 1 1 1 1 1 1 1 1
Case #374: 17 2 2 2 2 3 19 1 1 1 1 1 1 1 1 1 1 1
Case #375: 13 2 2 3 3 5 5 5 11 1 1 1 1 1
Case #376: -1
Case #377: 33 2 2 7 1 1 1 1 1 1 1 1 1 1 1 1 1 1 1 1 1 1 1 1 1 1 1 1 1 1 1 1 1 1
Case #378: 21 2 2 2 2 2 2 2 2 2 2 2 2 3 3 5 1 1 1 1 1 1
Case #379: 24 2 2 2 2 2 3 3 3 3 3 3 1 1 1 1 1 1 1 1 1 1 1 1 1
Case #380: 22 2 2 2 2 2 2 2 3 5 7 1 1 1 1 1 1 1 1 1 1 1 1
Case #381: 21 2 2 2 2 2 2 3 5 5 5 1 1 1 1 1 1 1 1 1 1 1
Case #382: 23 2 2 2 2 2 2 2 2 3 5 5 1 1 1 1 1 1 1 1 1 1 1 1
Case #383: -1
Case #384: -1
Case #385: 27 5 11 1 1 1 1 1 1 1 1 1 1 1 1 1 1 1 1 1 1 1 1 1 1 1 1 1
Case #386: 20 2 2 2 2 2 3 3 3 3 3 7 1 1 1 1 1 1 1 1 1
Case #387: 22 2 2 2 2 2 2 2 2 2 3 5 5 1 1 1 1 1 1 1 1 1 1
Case #388: 19 2 2 2 2 3 3 3 3 5 7 1 1 1 1 1 1 1 1 1
Case #389: 15 2 2 2 2 2 2 2 2 3 5 5 5 5 1 1
Case #390: -1
Case #391: 26 2 2 2 2 2 3 3 3 3 3 1 1 1 1 1 1 1 1 1 1 1 1 1 1 1 1
Case #392: -1
Case #393: 16 2 2 2 2 2 3 3 5 5 5 5 1 1 1 1 1
Case #394: 22 2 2 2 2 2 2 2 2 2 2 2 2 2 3 3 3 1 1 1 1 1 1
Case #395: 20 2 2 2 2 2 2 2 2 2 2 2 2 2 3 3 5 1 1 1 1
Case #396: 20 2 2 2 2 2 2 2 3 3 5 7 1 1 1 1 1 1 1 1 1
Case #397: 25 2 2 3 3 5 7 1 1 1 1 1 1 1 1 1 1 1 1 1 1 1 1 1 1 1
Case #398: 19 2 2 3 3 3 3 3 3 5 5 1 1 1 1 1 1 1 1 1
Case #399: 16 2 2 2 2 2 2 2 3 3 5 11 1 1 1 1 1
Case #400: 35 3 5 1 1 1 1 1 1 1 1 1 1 1 1 1 1 1 1 1 1 1 1 1 1 1 1 1 1 1 1 1 1 1 1 1
Case #401: 19 2 2 2 2 3 3 3 3 3 3 3 5 1 1 1 1 1 1 1
Case #402: 21 2 2 3 3 3 3 11 1 1 1 1 1 1 1 1 1 1 1 1 1 1
Case #403: 15 2 2 2 2 3 3 5 5 11 1 1 1 1 1 1
Case #404: 17 2 2 2 2 2 2 3 3 5 11 1 1 1 1 1 1 1
Case #405: 19 2 2 3 3 3 5 11 1 1 1 1 1 1 1 1 1 1 1 1
Case #406: 14 2 2 2 2 2 3 3 3 5 13 1 1 1 1
Case #407: 17 2 2 3 3 5 5 11 1 1 1 1 1 1 1 1 1 1
Case #408: 12 2 2 2 3 7 7 13 1 1 1 1 1
Case #409: 23 2 2 2 2 2 2 2 2 5 7 1 1 1 1 1 1 1 1 1 1 1 1 1
Case #410: 26 2 2 2 2 2 2 2 3 3 5 1 1 1 1 1 1 1 1 1 1 1 1 1 1 1 1
Case #411: 15 2 2 3 3 3 3 3 3 3 11 1 1 1 1 1
Case #412: 25 2 2 2 2 3 3 3 3 5 1 1 1 1 1 1 1 1 1 1 1 1 1 1 1 1
Case #413: 17 2 2 2 2 2 2 3 5 7 7 1 1 1 1 1 1 1
Case #414: 18 2 2 2 3 5 5 5 7 1 1 1 1 1 1 1 1 1 1
Case #415: 23 3 17 1 1 1 1 1 1 1 1 1 1 1 1 1 1 1 1 1 1 1 1 1
Case #416: 25 2 2 2 2 2 2 2 2 5 5 1 1 1 1 1 1 1 1 1 1 1 1 1 1 1
Case #417: 18 2 2 2 3 3 3 3 13 1 1 1 1 1 1 1 1 1 1
Case #418: 20 2 2 2 2 2 2 2 3 3 3 3 7 1 1 1 1 1 1 1 1
Case #419: 21 2 2 2 2 3 5 11 1 1 1 1 1 1 1 1 1 1 1 1 1 1
Case #420: 14 2 2 2 2 2 5 7 7 7 1 1 1 1 1
Case #421: 21 2 2 2 2 2 2 2 2 3 3 3 7 1 1 1 1 1 1 1 1 1
Case #422: 14 2 2 2 2 2 2 2 2 2 3 5 13 1 1
Case #423: -1
Case #424: 13 5 7 19 1 1 1 1 1 1 1 1 1 1
Case #425: -1
Case #426: 26 2 3 3 3 3 3 5 1 1 1 1 1 1 1 1 1 1 1 1 1 1 1 1 1 1 1
Case #427: 13 2 2 2 2 3 3 5 17 1 1 1 1 1
Case #428: -1
Case #429: -1
Case #430: 17 2 2 3 3 3 17 1 1 1 1 1 1 1 1 1 1 1
Case #431: 13 2 2 2 2 3 3 3 19 1 1 1 1 1
Case #432: 23 2 2 2 2 2 2 2 2 2 2 5 5 1 1 1 1 1 1 1 1 1 1 1
Case #433: 21 2 2 2 2 2 2 2 2 2 2 2 2 3 3 3 3 1 1 1 1 1
Case #434: 22 2 2 2 2 2 3 5 5 5 1 1 1 1 1 1 1 1 1 1 1 1 1
Case #435: -1
Case #436: 19 2 2 2 2 2 2 3 3 3 11 1 1 1 1 1 1 1 1 1
Case #437: 25 2 2 2 2 2 2 3 5 5 1 1 1 1 1 1 1 1 1 1 1 1 1 1 1 1
Case #438: 7 5 5 11 17 1 1 1
Case #439: 32 2 2 2 2 2 5 1 1 1 1 1 1 1 1 1 1 1 1 1 1 1 1 1 1 1 1 1 1 1 1 1 1
Case #440: 15 2 2 2 2 3 3 3 5 5 5 5 1 1 1 1
Case #441: 25 2 2 2 2 2 2 2 2 2 2 2 2 3 3 1 1 1 1 1 1 1 1 1 1 1
Case #442: -1
Case #443: 15 2 2 2 2 3 5 7 11 1 1 1 1 1 1 1
Case #444: 22 2 2 2 5 7 7 1 1 1 1 1 1 1 1 1 1 1 1 1 1 1 1
Case #445: 23 2 2 2 2 3 3 5 7 1 1 1 1 1 1 1 1 1 1 1 1 1 1 1
Case #446: 17 2 2 2 2 2 2 3 5 5 5 5 1 1 1 1 1 1
Case #447: -1
Case #448: 14 2 2 2 3 5 5 5 5 7 1 1 1 1 1
Case #449: 11 2 2 3 3 7 19 1 1 1 1 1
Case #450: 17 2 2 3 3 3 3 3 3 11 1 1 1 1 1 1 1 1
Case #451: 15 2 2 3 3 3 5 5 11 1 1 1 1 1 1 1
Case #452: 20 2 3 5 5 5 7 1 1 1 1 1 1 1 1 1 1 1 1 1 1
Case #453: 17 2 2 2 2 2 2 2 2 3 5 5 7 1 1 1 1 1
Case #454: 25 2 2 3 3 3 3 7 1 1 1 1 1 1 1 1 1 1 1 1 1 1 1 1 1 1
Case #455: 27 2 2 2 2 2 2 2 2 2 2 5 1 1 1 1 1 1 1 1 1 1 1 1 1 1 1 1
Case #456: 15 2 2 2 2 3 3 3 3 5 5 7 1 1 1 1
Case #457: 29 3 11 1 1 1 1 1 1 1 1 1 1 1 1 1 1 1 1 1 1 1 1 1 1 1 1 1 1 1
Case #458: 12 2 2 2 3 5 5 5 5 5 5 1 1
Case #459: 30 2 11 1 1 1 1 1 1 1 1 1 1 1 1 1 1 1 1 1 1 1 1 1 1 1 1 1 1 1 1
Case #460: 17 2 2 3 3 3 3 3 3 3 3 3 5 1 1 1 1 1
Case #461: 19 2 2 2 2 3 3 3 3 3 5 5 1 1 1 1 1 1 1 1
Case #462: -1
Case #463: 19 2 2 2 2 3 17 1 1 1 1 1 1 1 1 1 1 1 1 1
Case #464: 28 2 2 2 2 2 2 2 2 2 5 1 1 1 1 1 1 1 1 1 1 1 1 1 1 1 1 1 1
Case #465: -1
Case #466: 21 2 2 2 2 2 2 2 2 2 2 3 3 3 5 1 1 1 1 1 1 1
Case #467: -1
Case #468: 23 2 2 3 3 3 3 5 5 1 1 1 1 1 1 1 1 1 1 1 1 1 1 1
Case #469: 12 2 3 3 5 5 5 13 1 1 1 1 1
Case #470: 20 2 3 3 3 3 3 3 3 3 5 1 1 1 1 1 1 1 1 1 1
Case #471: 29 3 5 7 1 1 1 1 1 1 1 1 1 1 1 1 1 1 1 1 1 1 1 1 1 1 1 1 1 1
Case #472: -1
Case #473: 16 2 2 2 2 2 3 3 3 5 11 1 1 1 1 1 1
Case #474: 14 2 2 2 3 3 3 3 5 5 5 5 1 1 1
Case #475: 14 2 2 2 5 5 7 11 1 1 1 1 1 1 1
Case #476: 22 2 2 2 2 2 2 2 2 2 2 2 2 2 2 2 3 3 1 1 1 1 1
Case #477: 17 2 2 2 2 3 3 3 3 3 5 7 1 1 1 1 1 1
Case #478: -1
Case #479: -1
Case #480: -1
Case #481: 17 2 2 2 2 2 2 2 2 2 2 3 3 5 7 1 1 1
Case #482: 24 2 2 2 3 5 5 5 1 1 1 1 1 1 1 1 1 1 1 1 1 1 1 1 1
Case #483: 19 3 3 3 3 3 3 3 3 3 5 1 1 1 1 1 1 1 1 1
Case #484: 16 2 2 2 3 3 3 3 3 5 5 5 1 1 1 1 1
Case #485: 18 2 2 2 2 2 3 3 3 7 7 1 1 1 1 1 1 1 1
Case #486: 13 2 2 2 2 3 5 19 1 1 1 1 1 1
Case #487: 25 2 2 3 5 5 5 1 1 1 1 1 1 1 1 1 1 1 1 1 1 1 1 1 1 1
Case #488: 26 2 2 2 2 2 2 2 2 2 2 2 2 2 2 2 1 1 1 1 1 1 1 1 1 1 1
Case #489: 17 2 2 2 2 2 2 7 7 7 1 1 1 1 1 1 1 1
Case #490: 21 2 2 2 2 2 2 3 3 3 3 3 3 3 1 1 1 1 1 1 1 1
Case #491: 20 2 5 17 1 1 1 1 1 1 1 1 1 1 1 1 1 1 1 1 1
Case #492: 21 2 2 2 2 2 2 3 3 5 7 1 1 1 1 1 1 1 1 1 1 1
Case #493: -1
Case #494: 18 2 2 2 2 2 3 17 1 1 1 1 1 1 1 1 1 1 1
Case #495: 37 5 1 1 1 1 1 1 1 1 1 1 1 1 1 1 1 1 1 1 1 1 1 1 1 1 1 1 1 1 1 1 1 1 1 1 1 1
Case #496: 22 2 2 2 2 2 2 2 3 3 3 3 5 1 1 1 1 1 1 1 1 1 1
Case #497: 22 2 3 3 3 5 5 5 1 1 1 1 1 1 1 1 1 1 1 1 1 1 1
Case #498: 18 2 2 2 3 3 3 5 5 7 1 1 1 1 1 1 1 1 1
Case #499: 21 2 2 2 2 2 2 2 2 2 2 3 3 7 1 1 1 1 1 1 1 1
Case #500: 22 2 2 2 3 3 5 5 5 1 1 1 1 1 1 1 1 1 1 1 1 1 1
Case #501: 12 2 2 2 3 3 5 19 1 1 1 1 1
Case #502: 23 3 3 3 3 3 5 5 1 1 1 1 1 1 1 1 1 1 1 1 1 1 1 1
Case #503: -1
Case #504: 16 2 2 2 3 3 7 13 1 1 1 1 1 1 1 1 1
Case #505: -1
Case #506: 13 2 2 5 5 7 7 7 1 1 1 1 1 1
Case #507: -1
Case #508: -1
Case #509: 26 2 2 2 2 2 3 3 7 1 1 1 1 1 1 1 1 1 1 1 1 1 1 1 1 1 1
Case #510: 21 2 2 2 2 2 2 2 2 2 2 2 2 3 7 1 1 1 1 1 1 1
Case #511: -1
Case #512: 27 2 2 2 2 2 2 2 2 2 2 2 2 3 1 1 1 1 1 1 1 1 1 1 1 1 1 1
Case #513: 19 2 2 2 2 2 2 2 2 2 2 3 5 7 1 1 1 1 1 1
Case #514: 31 5 7 1 1 1 1 1 1 1 1 1 1 1 1 1 1 1 1 1 1 1 1 1 1 1 1 1 1 1 1 1
Case #515: 12 2 2 2 3 7 7 7 7 1 1 1 1
Case #516: -1
Case #517: 33 3 3 3 3 1 1 1 1 1 1 1 1 1 1 1 1 1 1 1 1 1 1 1 1 1 1 1 1 1 1 1 1 1
Case #518: 30 2 3 3 7 1 1 1 1 1 1 1 1 1 1 1 1 1 1 1 1 1 1 1 1 1 1 1 1 1 1
Case #519: -1
Case #520: 28 2 2 2 2 2 3 3 5 1 1 1 1 1 1 1 1 1 1 1 1 1 1 1 1 1 1 1 1
Case #521: 22 2 2 2 2 2 2 2 2 2 2 2 2 2 2 2 2 2 2 2 1 1 1
Case #522: 15 2 2 2 2 2 2 3 3 5 7 7 1 1 1 1
Case #523: -1
Case #524: 22 2 3 3 3 3 3 3 3 5 1 1 1 1 1 1 1 1 1 1 1 1 1
Case #525: 16 2 2 2 3 3 3 5 7 7 1 1 1 1 1 1 1
Case #526: -1
Case #527: 16 2 2 2 3 3 3 5 13 1 1 1 1 1 1 1 1
Case #528: 18 2 2 2 3 3 3 3 3 5 7 1 1 1 1 1 1 1 1
Case #529: 15 2 2 2 2 2 2 2 2 3 5 13 1 1 1 1
Case #530: 23 2 2 3 3 13 1 1 1 1 1 1 1 1 1 1 1 1 1 1 1 1 1 1
Case #531: 21 2 2 2 2 2 2 2 2 2 2 2 2 2 2 3 3 3 1 1 1 1
Case #532: 15 2 2 2 2 2 2 3 3 3 5 5 7 1 1 1
Case #533: 20 2 2 2 2 2 2 2 3 7 7 1 1 1 1 1 1 1 1 1 1
Case #534: 14 2 3 3 3 3 3 3 3 5 5 5 1 1 1
Case #535: -1
Case #536: 19 2 2 2 2 2 2 2 2 2 2 3 3 3 3 5 1 1 1 1
Case #537: 13 2 2 2 2 2 2 3 5 17 1 1 1 1
Case #538: 20 2 2 2 2 2 3 3 7 7 1 1 1 1 1 1 1 1 1 1 1
Case #539: 20 2 2 2 2 2 3 5 11 1 1 1 1 1 1 1 1 1 1 1 1
Case #540: 33 2 2 2 2 2 2 3 1 1 1 1 1 1 1 1 1 1 1 1 1 1 1 1 1 1 1 1 1 1 1 1 1 1
Case #541: 19 2 2 2 2 2 2 5 13 1 1 1 1 1 1 1 1 1 1 1
Case #542: 15 2 2 2 2 3 3 19 1 1 1 1 1 1 1 1
Case #543: 24 2 2 2 2 2 2 2 2 2 2 2 3 3 3 1 1 1 1 1 1 1 1 1 1
Case #544: 22 2 2 2 2 2 2 2 3 3 3 3 3 3 1 1 1 1 1 1 1 1 1
Case #545: 15 2 2 2 2 2 2 2 2 5 5 11 1 1 1 1
Case #546: 16 2 2 2 2 2 2 2 3 5 7 7 1 1 1 1 1
Case #547: -1
Case #548: 23 2 2 2 2 2 2 5 5 5 1 1 1 1 1 1 1 1 1 1 1 1 1 1
Case #549: 16 2 2 2 3 5 7 11 1 1 1 1 1 1 1 1 1
Case #550: 28 2 2 2 2 2 2 2 3 3 3 1 1 1 1 1 1 1 1 1 1 1 1 1 1 1 1 1 1
Case #551: -1
Case #552: -1
Case #553: 17 2 2 2 2 2 2 3 17 1 1 1 1 1 1 1 1 1
Case #554: 20 2 2 2 2 2 3 3 3 3 3 3 3 3 1 1 1 1 1 1 1
Case #555: 21 2 2 2 2 2 2 3 3 3 3 3 5 1 1 1 1 1 1 1 1 1
Case #556: 30 2 2 2 2 2 3 3 3 1 1 1 1 1 1 1 1 1 1 1 1 1 1 1 1 1 1 1 1 1 1
Case #557: 16 2 3 3 5 7 11 1 1 1 1 1 1 1 1 1 1
Case #558: 24 2 2 2 2 2 2 2 2 2 2 2 3 5 1 1 1 1 1 1 1 1 1 1 1
Case #559: 24 2 2 2 2 2 2 2 2 2 2 2 2 2 2 2 3 1 1 1 1 1 1 1 1
Case #560: 21 2 2 2 2 2 2 2 2 3 5 7 1 1 1 1 1 1 1 1 1 1
Case #561: 11 2 2 29 1 1 1 1 1 1 1 1
Case #562: 25 17 1 1 1 1 1 1 1 1 1 1 1 1 1 1 1 1 1 1 1 1 1 1 1 1
Case #563: 19 2 2 2 2 2 2 3 3 3 3 3 3 5 1 1 1 1 1 1
Case #564: 23 2 2 3 3 3 5 7 1 1 1 1 1 1 1 1 1 1 1 1 1 1 1 1
Case #565: 19 2 2 2 2 3 3 3 5 5 5 1 1 1 1 1 1 1 1 1
Case #566: 19 2 2 2 2 3 3 3 3 3 3 3 3 3 1 1 1 1 1 1
Case #567: 33 2 2 3 5 1 1 1 1 1 1 1 1 1 1 1 1 1 1 1 1 1 1 1 1 1 1 1 1 1 1 1 1 1
Case #568: -1
Case #569: 11 2 2 2 2 3 3 23 1 1 1 1
Case #570: 24 2 3 3 3 3 3 3 3 3 1 1 1 1 1 1 1 1 1 1 1 1 1 1 1
Case #571: 12 2 29 1 1 1 1 1 1 1 1 1 1
Case #572: 18 2 2 2 2 2 3 3 3 3 11 1 1 1 1 1 1 1 1
Case #573: 16 2 3 3 5 17 1 1 1 1 1 1 1 1 1 1 1
Case #574: -1
Case #575: 16 2 2 2 3 3 3 3 3 3 5 7 1 1 1 1 1
Case #576: 18 2 3 3 3 7 11 1 1 1 1 1 1 1 1 1 1 1 1
Case #577: -1
Case #578: 23 2 2 2 2 2 2 3 3 5 5 1 1 1 1 1 1 1 1 1 1 1 1 1
Case #579: 21 2 2 2 2 2 2 2 2 5 5 5 1 1 1 1 1 1 1 1 1 1
Case #580: 17 2 2 3 5 5 13 1 1 1 1 1 1 1 1 1 1 1
Case #581: 27 2 2 2 2 2 2 3 3 5 1 1 1 1 1 1 1 1 1 1 1 1 1 1 1 1 1 1
Case #582: 12 2 2 2 2 2 3 5 5 5 11 1 1
Case #583: 3 5 17 19
Case #584: -1
Case #585: 10 2 2 2 2 2 3 7 19 1 1
Case #586: 20 2 2 2 2 2 2 2 2 2 3 3 3 7 1 1 1 1 1 1 1
Case #587: 18 2 2 2 3 3 3 3 3 3 5 5 1 1 1 1 1 1 1
Case #588: 17 2 2 2 2 2 2 3 3 3 3 11 1 1 1 1 1 1
Case #589: -1
Case #590: 8 2 2 2 3 13 17 1 1
Case #591: 20 2 2 2 2 2 2 2 2 2 2 2 2 2 2 2 2 2 5 1 1
Case #592: 25 2 2 5 5 7 1 1 1 1 1 1 1 1 1 1 1 1 1 1 1 1 1 1 1 1
Case #593: 21 2 2 2 2 2 2 2 2 7 7 1 1 1 1 1 1 1 1 1 1 1
Case #594: 21 2 2 2 2 2 2 3 7 7 1 1 1 1 1 1 1 1 1 1 1 1
Case #595: -1
Case #596: 4 2 37 1 1
Case #597: 18 2 2 2 3 3 5 13 1 1 1 1 1 1 1 1 1 1 1
Case #598: -1
Case #599: 17 2 2 3 3 3 3 3 3 5 7 1 1 1 1 1 1 1
Case #600: 15 2 2 2 2 3 3 3 3 5 11 1 1 1 1 1
Case #601: 19 2 2 3 3 3 3 7 7 1 1 1 1 1 1 1 1 1 1 1
Case #602: 10 2 3 3 3 5 5 17 1 1 1
Case #603: -1
Case #604: 17 2 2 2 2 3 3 3 3 3 3 3 7 1 1 1 1 1
Case #605: 29 2 2 3 5 5 1 1 1 1 1 1 1 1 1 1 1 1 1 1 1 1 1 1 1 1 1 1 1 1
Case #606: 18 2 2 2 5 5 7 7 1 1 1 1 1 1 1 1 1 1 1
Case #607: 10 2 3 3 3 5 11 11 1 1 1
Case #608: 5 19 19 1 1 1
Case #609: 9 3 31 1 1 1 1 1 1 1
Case #610: 17 2 2 2 2 5 5 5 5 5 1 1 1 1 1 1 1 1
Case #611: 28 2 2 2 3 3 7 1 1 1 1 1 1 1 1 1 1 1 1 1 1 1 1 1 1 1 1 1 1
Case #612: 31 2 2 2 2 2 2 2 2 3 1 1 1 1 1 1 1 1 1 1 1 1 1 1 1 1 1 1 1 1 1 1
Case #613: 13 7 11 13 1 1 1 1 1 1 1 1 1 1
Case #614: 14 2 2 2 2 2 2 2 5 7 11 1 1 1 1
Case #615: 23 2 2 2 2 2 2 3 5 7 1 1 1 1 1 1 1 1 1 1 1 1 1 1
Case #616: 21 2 2 3 5 5 5 5 1 1 1 1 1 1 1 1 1 1 1 1 1 1
Case #617: 17 2 2 2 2 3 3 3 5 5 7 1 1 1 1 1 1 1
Case #618: -1
Case #619: 23 2 2 2 2 2 2 2 2 2 2 2 2 3 3 3 1 1 1 1 1 1 1 1
Case #620: 22 2 2 2 3 3 3 3 3 3 3 3 1 1 1 1 1 1 1 1 1 1 1
Case #621: 12 2 3 3 5 5 5 5 5 5 1 1 1
Case #622: 35 7 1 1 1 1 1 1 1 1 1 1 1 1 1 1 1 1 1 1 1 1 1 1 1 1 1 1 1 1 1 1 1 1 1 1
Case #623: -1
Case #624: -1
Case #625: 25 3 3 13 1 1 1 1 1 1 1 1 1 1 1 1 1 1 1 1 1 1 1 1 1 1
Case #626: -1
Case #627: 19 2 2 2 2 2 2 2 2 3 3 3 3 3 5 1 1 1 1 1
Case #628: 20 2 2 2 2 2 3 3 3 3 5 5 1 1 1 1 1 1 1 1 1
Case #629: 24 2 2 2 2 2 3 5 7 1 1 1 1 1 1 1 1 1 1 1 1 1 1 1 1
Case #630: 23 3 3 3 5 5 5 1 1 1 1 1 1 1 1 1 1 1 1 1 1 1 1 1
Case #631: 21 2 2 3 3 3 3 3 5 5 1 1 1 1 1 1 1 1 1 1 1 1
Case #632: 17 2 2 2 2 2 2 3 3 3 13 1 1 1 1 1 1 1
Case #633: 17 2 2 3 3 7 7 7 1 1 1 1 1 1 1 1 1 1
Case #634: -1
Case #635: 23 2 2 2 2 2 2 2 2 2 2 2 2 2 2 2 2 3 1 1 1 1 1 1
Case #636: 21 2 2 2 2 2 2 2 2 3 3 3 3 3 3 1 1 1 1 1 1 1
Case #637: 26 2 2 2 2 2 2 2 2 2 2 2 3 3 1 1 1 1 1 1 1 1 1 1 1 1 1
Case #638: 14 2 2 2 2 2 2 2 3 19 1 1 1 1 1
Case #639: 22 2 2 2 3 3 7 7 1 1 1 1 1 1 1 1 1 1 1 1 1 1 1
Case #640: 13 2 2 2 2 2 2 5 7 13 1 1 1 1
Case #641: 22 2 2 2 2 2 3 3 3 3 3 3 3 1 1 1 1 1 1 1 1 1 1
Case #642: 17 2 2 2 2 2 2 2 2 2 2 3 7 7 1 1 1 1
Case #643: -1
Case #644: 14 2 2 2 2 2 5 7 13 1 1 1 1 1 1
Case #645: 17 2 2 2 2 3 3 3 3 7 7 1 1 1 1 1 1 1
Case #646: 25 2 2 2 2 2 2 3 3 3 3 3 1 1 1 1 1 1 1 1 1 1 1 1 1 1
Case #647: -1
Case #648: -1
Case #649: 17 2 2 2 2 3 3 3 5 11 1 1 1 1 1 1 1 1
Case #650: 22 2 2 2 2 2 2 2 2 2 2 2 3 3 3 3 1 1 1 1 1 1 1
Case #651: 18 2 2 2 2 2 2 2 2 2 5 5 7 1 1 1 1 1 1
Case #652: 23 2 2 2 2 2 2 2 2 2 2 3 7 1 1 1 1 1 1 1 1 1 1 1
Case #653: 19 2 2 3 3 5 5 5 5 1 1 1 1 1 1 1 1 1 1 1
Case #654: 16 2 2 2 2 2 3 3 3 5 5 7 1 1 1 1 1
Case #655: 19 2 2 3 3 3 3 3 3 3 3 5 1 1 1 1 1 1 1 1
Case #656: -1
Case #657: 18 2 2 2 3 3 5 7 7 1 1 1 1 1 1 1 1 1 1
Case #658: 32 2 2 2 3 5 1 1 1 1 1 1 1 1 1 1 1 1 1 1 1 1 1 1 1 1 1 1 1 1 1 1 1
Case #659: 13 2 2 3 3 3 5 17 1 1 1 1 1 1
Case #660: 14 2 2 2 3 3 3 3 17 1 1 1 1 1 1
Case #661: 26 2 2 2 2 2 2 2 3 3 3 3 1 1 1 1 1 1 1 1 1 1 1 1 1 1 1
Case #662: 17 2 2 2 2 2 2 3 3 5 5 7 1 1 1 1 1 1
Case #663: 34 2 2 2 5 1 1 1 1 1 1 1 1 1 1 1 1 1 1 1 1 1 1 1 1 1 1 1 1 1 1 1 1 1 1
Case #664: -1
Case #665: 22 2 2 2 3 3 3 3 3 3 5 1 1 1 1 1 1 1 1 1 1 1 1
Case #666: 12 2 2 2 3 3 5 7 7 7 1 1 1
Case #667: 16 2 2 2 3 5 5 7 7 1 1 1 1 1 1 1 1
Case #668: 26 2 2 2 2 2 2 2 2 2 2 2 5 1 1 1 1 1 1 1 1 1 1 1 1 1 1
Case #669: 14 2 2 2 2 2 3 3 3 17 1 1 1 1 1
Case #670: 21 2 2 2 2 2 2 2 2 3 3 5 5 1 1 1 1 1 1 1 1 1
Case #671: 19 2 2 2 2 2 2 2 2 3 3 5 7 1 1 1 1 1 1 1
Case #672: 11 2 2 2 2 3 7 7 7 7 1 1
Case #673: 18 2 2 2 2 2 2 2 2 2 3 3 11 1 1 1 1 1 1
Case #674: 5 3 17 19 1 1
Case #675: 20 2 3 7 13 1 1 1 1 1 1 1 1 1 1 1 1 1 1 1 1
Case #676: 18 2 2 2 2 2 2 2 2 2 3 3 3 3 3 5 1 1 1
Case #677: 26 2 2 2 2 2 3 3 3 5 1 1 1 1 1 1 1 1 1 1 1 1 1 1 1 1 1
Case #678: 13 2 2 2 2 3 3 11 11 1 1 1 1 1
Case #679: 18 2 23 1 1 1 1 1 1 1 1 1 1 1 1 1 1 1 1
Case #680: 13 2 2 2 2 3 5 7 13 1 1 1 1 1
Case #681: 35 2 2 2 2 2 2 1 1 1 1 1 1 1 1 1 1 1 1 1 1 1 1 1 1 1 1 1 1 1 1 1 1 1 1 1
Case #682: 20 2 2 2 3 3 3 3 3 3 7 1 1 1 1 1 1 1 1 1 1
Case #683: -1
Case #684: 21 2 2 2 2 3 3 5 5 5 1 1 1 1 1 1 1 1 1 1 1 1
Case #685: -1
Case #686: 21 2 2 2 2 3 3 3 3 5 5 1 1 1 1 1 1 1 1 1 1 1
Case #687: 14 2 3 3 5 5 5 11 1 1 1 1 1 1 1
Case #688: 22 2 19 1 1 1 1 1 1 1 1 1 1 1 1 1 1 1 1 1 1 1 1
Case #689: 11 2 2 2 2 3 5 5 5 13 1 1
Case #690: 17 2 2 3 5 7 11 1 1 1 1 1 1 1 1 1 1 1
Case #691: 27 3 3 3 3 3 5 1 1 1 1 1 1 1 1 1 1 1 1 1 1 1 1 1 1 1 1 1
Case #692: 10 2 2 2 3 7 11 11 1 1 1
Case #693: 20 2 2 2 2 2 2 2 3 3 3 3 3 5 1 1 1 1 1 1 1
Case #694: 20 2 3 3 3 5 5 7 1 1 1 1 1 1 1 1 1 1 1 1 1
Case #695: 19 5 19 1 1 1 1 1 1 1 1 1 1 1 1 1 1 1 1 1
Case #696: -1
Case #697: -1
Case #698: 22 2 2 2 2 2 2 2 2 2 5 7 1 1 1 1 1 1 1 1 1 1 1
Case #699: -1
Case #700: 29 2 2 2 2 2 2 2 2 2 2 3 1 1 1 1 1 1 1 1 1 1 1 1 1 1 1 1 1 1
Case #701: 21 2 2 2 2 2 2 2 2 2 2 2 2 2 2 2 2 3 3 1 1 1
Case #702: 15 2 2 2 2 7 17 1 1 1 1 1 1 1 1 1
Case #703: 7 17 19 1 1 1 1 1
Case #704: -1
Case #705: 16 2 2 2 2 2 2 2 2 2 2 2 3 7 7 1 1
Case #706: 18 2 3 3 3 5 7 7 1 1 1 1 1 1 1 1 1 1 1
Case #707: 17 2 2 3 3 3 3 3 5 5 5 1 1 1 1 1 1 1
Case #708: 23 2 2 3 5 11 1 1 1 1 1 1 1 1 1 1 1 1 1 1 1 1 1 1
Case #709: 24 2 2 2 2 2 2 2 2 2 3 7 1 1 1 1 1 1 1 1 1 1 1 1 1
Case #710: 18 2 2 2 2 2 2 2 2 2 2 2 5 5 5 1 1 1 1
Case #711: 19 2 2 2 2 2 2 3 3 3 3 3 7 1 1 1 1 1 1 1
Case #712: 8 2 2 2 3 7 23 1 1
Case #713: 37 3 3 1 1 1 1 1 1 1 1 1 1 1 1 1 1 1 1 1 1 1 1 1 1 1 1 1 1 1 1 1 1 1 1 1 1 1
Case #714: 13 2 2 2 2 2 2 3 11 11 1 1 1 1
Case #715: -1
Case #716: 28 2 3 3 3 3 5 1 1 1 1 1 1 1 1 1 1 1 1 1 1 1 1 1 1 1 1 1 1
Case #717: 10 2 2 2 3 5 7 7 11 1 1
Case #718: 27 2 2 3 5 7 1 1 1 1 1 1 1 1 1 1 1 1 1 1 1 1 1 1 1 1 1 1
Case #719: 16 2 2 2 2 2 2 2 3 3 3 13 1 1 1 1 1
Case #720: -1
Case #721: 17 2 2 23 1 1 1 1 1 1 1 1 1 1 1 1 1 1
Case #722: -1
Case #723: 27 2 2 2 2 2 2 5 5 1 1 1 1 1 1 1 1 1 1 1 1 1 1 1 1 1 1 1
Case #724: 17 2 2 2 2 2 2 7 13 1 1 1 1 1 1 1 1 1
Case #725: 26 2 2 2 2 2 2 2 2 2 3 5 1 1 1 1 1 1 1 1 1 1 1 1 1 1 1
Case #726: 16 2 2 2 2 2 2 2 2 2 3 5 5 7 1 1 1
Case #727: 12 2 2 2 2 2 3 5 7 7 7 1 1
Case #728: 21 2 2 2 2 2 2 2 2 3 11 1 1 1 1 1 1 1 1 1 1 1
Case #729: 18 2 2 2 3 3 3 3 3 3 3 3 5 1 1 1 1 1 1
Case #730: 23 2 2 2 2 3 3 3 3 3 5 1 1 1 1 1 1 1 1 1 1 1 1 1
Case #731: 20 2 2 2 2 2 2 2 3 3 3 5 5 1 1 1 1 1 1 1 1
Case #732: 21 2 2 2 2 3 3 3 3 3 7 1 1 1 1 1 1 1 1 1 1 1
Case #733: -1
Case #734: -1
Case #735: 21 2 2 2 2 2 2 2 2 2 2 3 5 5 1 1 1 1 1 1 1 1
Case #736: -1
Case #737: 18 2 3 3 3 5 13 1 1 1 1 1 1 1 1 1 1 1 1
Case #738: 16 2 2 2 3 3 3 3 3 3 3 3 3 5 1 1 1
Case #739: 3 3 37 1
Case #740: 11 2 2 2 2 3 3 7 17 1 1 1
Case #741: 17 2 2 7 7 11 1 1 1 1 1 1 1 1 1 1 1 1
Case #742: 15 2 2 2 2 2 2 3 5 5 11 1 1 1 1 1
Case #743: 23 2 2 3 5 5 7 1 1 1 1 1 1 1 1 1 1 1 1 1 1 1 1 1
Case #744: -1
Case #745: 14 2 3 3 3 3 3 5 13 1 1 1 1 1 1
Case #746: 26 2 2 2 3 3 3 7 1 1 1 1 1 1 1 1 1 1 1 1 1 1 1 1 1 1 1
Case #747: -1
Case #748: 12 2 2 2 2 2 2 2 3 11 11 1 1
Case #749: 24 2 2 2 2 2 2 2 2 2 3 3 5 1 1 1 1 1 1 1 1 1 1 1 1
Case #750: -1
Case #751: 32 2 2 2 3 3 3 1 1 1 1 1 1 1 1 1 1 1 1 1 1 1 1 1 1 1 1 1 1 1 1 1 1
Case #752: -1
Case #753: 17 2 2 2 2 3 5 5 5 7 1 1 1 1 1 1 1 1
Case #754: 24 2 2 2 2 2 3 3 5 5 1 1 1 1 1 1 1 1 1 1 1 1 1 1 1
Case #755: 14 2 2 2 2 2 2 2 3 5 5 5 7 1 1
Case #756: 33 5 5 1 1 1 1 1 1 1 1 1 1 1 1 1 1 1 1 1 1 1 1 1 1 1 1 1 1 1 1 1 1 1
Case #757: -1
Case #758: 18 2 2 2 3 3 3 3 7 7 1 1 1 1 1 1 1 1 1
Case #759: -1
Case #760: 23 2 2 17 1 1 1 1 1 1 1 1 1 1 1 1 1 1 1 1 1 1 1 1
Case #761: 24 2 3 3 5 5 5 1 1 1 1 1 1 1 1 1 1 1 1 1 1 1 1 1 1
Case #762: 22 2 2 2 2 2 2 2 2 2 2 2 2 2 2 2 2 2 3 1 1 1 1
Case #763: 24 2 3 3 3 5 7 1 1 1 1 1 1 1 1 1 1 1 1 1 1 1 1 1 1
Case #764: 33 2 2 3 3 3 1 1 1 1 1 1 1 1 1 1 1 1 1 1 1 1 1 1 1 1 1 1 1 1 1 1 1 1
Case #765: 31 2 2 3 3 5 1 1 1 1 1 1 1 1 1 1 1 1 1 1 1 1 1 1 1 1 1 1 1 1 1 1
Case #766: 24 2 2 2 3 3 3 5 5 1 1 1 1 1 1 1 1 1 1 1 1 1 1 1 1
Case #767: 18 2 2 2 2 2 2 2 2 2 2 2 3 3 5 5 1 1 1
Case #768: 13 2 2 3 3 3 3 3 17 1 1 1 1 1
Case #769: 21 3 3 5 5 5 5 1 1 1 1 1 1 1 1 1 1 1 1 1 1 1
Case #770: 28 2 3 11 1 1 1 1 1 1 1 1 1 1 1 1 1 1 1 1 1 1 1 1 1 1 1 1 1
Case #771: 15 2 2 2 2 3 3 7 7 7 1 1 1 1 1 1
Case #772: 19 7 17 1 1 1 1 1 1 1 1 1 1 1 1 1 1 1 1 1
Case #773: 20 2 2 2 3 3 5 11 1 1 1 1 1 1 1 1 1 1 1 1 1
Case #774: 18 2 2 2 2 2 3 3 3 3 3 3 3 5 1 1 1 1 1
Case #775: 16 2 2 2 2 2 3 3 5 13 1 1 1 1 1 1 1
Case #776: 24 2 2 2 2 2 2 2 2 2 2 2 2 2 5 1 1 1 1 1 1 1 1 1 1
Case #777: -1
Case #778: 23 2 2 2 2 2 2 3 3 3 7 1 1 1 1 1 1 1 1 1 1 1 1 1
Case #779: 14 2 2 2 3 3 5 7 11 1 1 1 1 1 1
Case #780: 14 2 2 2 2 2 3 3 3 5 7 7 1 1 1
Case #781: 36 2 2 2 2 2 1 1 1 1 1 1 1 1 1 1 1 1 1 1 1 1 1 1 1 1 1 1 1 1 1 1 1 1 1 1 1
Case #782: -1
Case #783: -1
Case #784: 34 2 3 5 1 1 1 1 1 1 1 1 1 1 1 1 1 1 1 1 1 1 1 1 1 1 1 1 1 1 1 1 1 1 1
Case #785: 18 2 2 2 2 2 2 2 3 3 3 3 3 7 1 1 1 1 1
Case #786: -1
Case #787: 12 2 3 3 3 3 3 3 5 13 1 1 1
Case #788: 22 2 2 2 2 2 2 2 2 2 2 2 2 2 2 2 5 1 1 1 1 1 1
Case #789: 11 2 2 2 2 2 2 3 11 13 1 1
Case #790: 16 2 2 2 3 3 3 3 3 3 11 1 1 1 1 1 1
Case #791: 31 3 3 7 1 1 1 1 1 1 1 1 1 1 1 1 1 1 1 1 1 1 1 1 1 1 1 1 1 1 1 1
Case #792: 14 2 3 3 3 5 5 7 7 1 1 1 1 1 1
Case #793: -1
Case #794: 18 2 2 2 2 2 2 2 3 3 3 3 5 5 1 1 1 1 1
Case #795: 17 2 2 3 3 3 5 5 5 5 1 1 1 1 1 1 1 1
Case #796: 28 2 2 2 3 3 3 3 3 1 1 1 1 1 1 1 1 1 1 1 1 1 1 1 1 1 1 1 1
Case #797: 38 2 2 2 1 1 1 1 1 1 1 1 1 1 1 1 1 1 1 1 1 1 1 1 1 1 1 1 1 1 1 1 1 1 1 1 1 1 1
Case #798: -1
Case #799: 20 2 2 2 2 2 2 2 2 2 2 2 3 3 3 5 1 1 1 1 1
Case #800: -1
Case #801: 26 2 2 2 2 2 2 2 2 2 7 1 1 1 1 1 1 1 1 1 1 1 1 1 1 1 1
Case #802: 3 11 13 17
Case #803: 15 2 2 2 2 2 2 5 5 5 5 5 1 1 1 1
Case #804: 31 2 2 2 2 2 2 3 3 1 1 1 1 1 1 1 1 1 1 1 1 1 1 1 1 1 1 1 1 1 1 1
Case #805: 21 2 2 2 2 2 2 2 2 2 2 2 2 2 2 2 2 5 1 1 1 1
Case #806: 12 2 2 2 2 2 3 3 5 17 1 1 1
Case #807: 19 2 2 3 3 5 13 1 1 1 1 1 1 1 1 1 1 1 1 1
Case #808: -1
Case #809: 27 2 2 2 2 3 3 3 5 1 1 1 1 1 1 1 1 1 1 1 1 1 1 1 1 1 1 1
Case #810: 17 2 2 2 2 2 2 2 2 3 3 7 7 1 1 1 1 1
Case #811: 28 2 2 2 2 2 2 2 3 5 1 1 1 1 1 1 1 1 1 1 1 1 1 1 1 1 1 1 1
Case #812: 20 2 2 2 3 3 3 3 5 7 1 1 1 1 1 1 1 1 1 1 1
Case #813: 13 2 2 3 3 3 3 7 13 1 1 1 1 1
Case #814: 19 2 2 2 2 2 2 2 2 5 5 7 1 1 1 1 1 1 1 1
Case #815: 14 2 2 2 2 2 2 2 3 5 5 11 1 1 1
Case #816: -1
Case #817: 15 2 2 2 2 3 5 5 7 7 1 1 1 1 1 1
Case #818: 15 2 2 2 2 3 3 3 3 3 3 5 7 1 1 1
Case #819: 18 2 3 3 3 3 3 3 5 7 1 1 1 1 1 1 1 1 1
Case #820: 23 19 1 1 1 1 1 1 1 1 1 1 1 1 1 1 1 1 1 1 1 1 1 1
Case #821: 20 2 2 2 2 2 5 5 5 5 1 1 1 1 1 1 1 1 1 1 1
Case #822: 27 2 2 3 3 5 5 1 1 1 1 1 1 1 1 1 1 1 1 1 1 1 1 1 1 1 1 1
Case #823: 19 2 2 2 2 2 2 2 2 3 5 5 5 1 1 1 1 1 1 1
Case #824: 13 2 2 3 3 3 5 5 7 7 1 1 1 1
Case #825: 18 2 3 5 7 11 1 1 1 1 1 1 1 1 1 1 1 1 1
Case #826: 29 13 1 1 1 1 1 1 1 1 1 1 1 1 1 1 1 1 1 1 1 1 1 1 1 1 1 1 1 1
Case #827: 14 2 2 2 3 3 3 3 3 5 5 7 1 1 1
Case #828: 20 2 2 2 2 2 2 2 2 2 3 3 3 3 5 1 1 1 1 1 1
Case #829: -1
Case #830: -1
Case #831: -1
Case #832: 16 2 2 2 2 2 3 3 3 3 3 3 5 5 1 1 1
Case #833: 29 2 2 2 2 2 2 2 2 3 3 1 1 1 1 1 1 1 1 1 1 1 1 1 1 1 1 1 1 1
Case #834: 16 2 2 2 2 2 2 2 3 3 5 5 7 1 1 1 1
Case #835: 29 3 3 3 3 5 1 1 1 1 1 1 1 1 1 1 1 1 1 1 1 1 1 1 1 1 1 1 1 1
Case #836: 20 2 3 3 3 3 3 11 1 1 1 1 1 1 1 1 1 1 1 1 1
Case #837: 19 2 2 2 2 2 2 2 2 2 2 3 3 3 7 1 1 1 1 1
Case #838: 36 2 2 2 3 1 1 1 1 1 1 1 1 1 1 1 1 1 1 1 1 1 1 1 1 1 1 1 1 1 1 1 1 1 1 1 1
Case #839: 22 2 2 2 2 2 2 2 2 2 3 3 3 5 1 1 1 1 1 1 1 1 1
Case #840: 29 3 3 3 7 1 1 1 1 1 1 1 1 1 1 1 1 1 1 1 1 1 1 1 1 1 1 1 1 1
Case #841: -1
Case #842: -1
Case #843: 19 2 2 2 2 3 3 5 11 1 1 1 1 1 1 1 1 1 1 1
Case #844: 10 2 2 2 3 11 17 1 1 1 1
Case #845: 21 2 2 2 2 2 2 2 2 2 2 2 2 2 2 2 2 2 2 3 1 1
Case #846: -1
Case #847: 17 2 2 2 2 2 2 2 2 3 3 3 3 5 5 1 1 1
Case #848: -1
Case #849: -1
Case #850: 35 2 2 2 2 3 1 1 1 1 1 1 1 1 1 1 1 1 1 1 1 1 1 1 1 1 1 1 1 1 1 1 1 1 1 1
Case #851: -1
Case #852: 17 2 2 2 2 5 5 13 1 1 1 1 1 1 1 1 1 1
Case #853: 18 2 2 2 2 2 2 2 5 13 1 1 1 1 1 1 1 1 1
Case #854: -1
Case #855: 21 3 19 1 1 1 1 1 1 1 1 1 1 1 1 1 1 1 1 1 1 1
Case #856: -1
Case #857: 17 2 2 2 2 2 2 3 3 3 5 5 5 1 1 1 1 1
Case #858: 20 2 2 2 3 3 3 3 3 3 3 5 1 1 1 1 1 1 1 1 1
Case #859: 18 2 2 2 2 2 2 2 2 2 3 3 5 7 1 1 1 1 1
Case #860: 27 2 2 2 2 2 2 3 3 3 3 1 1 1 1 1 1 1 1 1 1 1 1 1 1 1 1 1
Case #861: 39 3 1 1 1 1 1 1 1 1 1 1 1 1 1 1 1 1 1 1 1 1 1 1 1 1 1 1 1 1 1 1 1 1 1 1 1 1 1 1
Case #862: -1
Case #863: 38 2 3 1 1 1 1 1 1 1 1 1 1 1 1 1 1 1 1 1 1 1 1 1 1 1 1 1 1 1 1 1 1 1 1 1 1 1 1
Case #864: 20 2 2 2 2 2 2 2 2 2 3 3 5 5 1 1 1 1 1 1 1
Case #865: 25 3 3 3 3 5 5 1 1 1 1 1 1 1 1 1 1 1 1 1 1 1 1 1 1 1
Case #866: 16 2 2 2 2 2 2 2 3 5 5 5 5 1 1 1 1
Case #867: 25 3 3 7 7 1 1 1 1 1 1 1 1 1 1 1 1 1 1 1 1 1 1 1 1 1
Case #868: 18 2 2 2 3 3 3 3 3 11 1 1 1 1 1 1 1 1 1
Case #869: 13 2 2 3 3 3 5 7 11 1 1 1 1 1
Case #870: 15 2 2 2 2 2 2 3 5 5 5 7 1 1 1 1
Case #871: 17 2 2 3 3 3 5 7 7 1 1 1 1 1 1 1 1 1
Case #872: 20 2 2 2 2 2 2 2 2 2 2 2 2 2 3 7 1 1 1 1 1
Case #873: 19 2 2 2 2 2 2 2 2 2 2 3 3 5 5 1 1 1 1 1
Case #874: 17 2 2 2 2 3 3 3 3 3 11 1 1 1 1 1 1 1
Case #875: 19 2 2 2 2 2 2 2 2 3 3 3 5 5 1 1 1 1 1 1
Case #876: 25 2 2 3 3 3 3 3 3 3 1 1 1 1 1 1 1 1 1 1 1 1 1 1 1 1
Case #877: -1
Case #878: 21 2 2 2 2 2 2 3 3 3 5 5 1 1 1 1 1 1 1 1 1 1
Case #879: -1
Case #880: 21 2 2 2 2 2 2 2 2 2 2 2 2 2 2 2 2 2 2 2 2 1
Case #881: 20 2 2 2 2 2 2 2 2 2 2 2 3 3 7 1 1 1 1 1 1
Case #882: -1
Case #883: 21 2 2 2 2 3 3 3 5 7 1 1 1 1 1 1 1 1 1 1 1 1
Case #884: 36 2 5 1 1 1 1 1 1 1 1 1 1 1 1 1 1 1 1 1 1 1 1 1 1 1 1 1 1 1 1 1 1 1 1 1 1
Case #885: 31 2 2 3 7 1 1 1 1 1 1 1 1 1 1 1 1 1 1 1 1 1 1 1 1 1 1 1 1 1 1 1
Case #886: 22 2 2 2 2 2 2 2 2 2 3 3 7 1 1 1 1 1 1 1 1 1 1
Case #887: 16 2 2 2 2 2 2 2 2 2 3 3 7 7 1 1 1
Case #888: 16 2 2 2 2 2 2 2 3 3 3 7 7 1 1 1 1
Case #889: 17 2 2 3 5 5 7 7 1 1 1 1 1 1 1 1 1 1
Case #890: -1
Case #891: 22 2 2 2 2 2 3 3 3 5 5 1 1 1 1 1 1 1 1 1 1 1 1
Case #892: 8 2 2 2 3 11 19 1 1
Case #893: 24 2 2 2 2 2 2 2 2 2 5 5 1 1 1 1 1 1 1 1 1 1 1 1 1
Case #894: -1
Case #895: 24 2 2 2 2 2 2 2 2 2 2 2 7 1 1 1 1 1 1 1 1 1 1 1 1
Case #896: 19 2 2 2 2 3 3 3 3 3 3 7 1 1 1 1 1 1 1 1
Case #897: 40 2 1 1 1 1 1 1 1 1 1 1 1 1 1 1 1 1 1 1 1 1 1 1 1 1 1 1 1 1 1 1 1 1 1 1 1 1 1 1 1
Case #898: 17 2 2 2 2 3 3 3 3 3 3 3 3 5 1 1 1 1
Case #899: 14 2 2 2 2 2 3 5 7 11 1 1 1 1 1
Case #900: 23 2 2 2 2 2 2 2 2 2 2 3 3 3 3 1 1 1 1 1 1 1 1 1
Case #901: 26 2 3 3 5 7 1 1 1 1 1 1 1 1 1 1 1 1 1 1 1 1 1 1 1 1 1
Case #902: -1
Case #903: 16 2 2 2 2 2 2 2 3 3 3 5 5 5 1 1 1
Case #904: 26 2 2 2 2 2 2 2 3 7 1 1 1 1 1 1 1 1 1 1 1 1 1 1 1 1 1
Case #905: 13 2 2 2 2 3 3 3 5 5 11 1 1 1
Case #906: 33 2 2 2 2 5 1 1 1 1 1 1 1 1 1 1 1 1 1 1 1 1 1 1 1 1 1 1 1 1 1 1 1 1
Case #907: 16 2 2 2 3 3 3 3 5 11 1 1 1 1 1 1 1
Case #908: 16 2 2 2 5 5 5 11 1 1 1 1 1 1 1 1 1
Case #909: 30 2 5 7 1 1 1 1 1 1 1 1 1 1 1 1 1 1 1 1 1 1 1 1 1 1 1 1 1 1 1
Case #910: 19 2 2 2 2 2 2 2 2 2 2 5 5 5 1 1 1 1 1 1
Case #911: 33 3 7 1 1 1 1 1 1 1 1 1 1 1 1 1 1 1 1 1 1 1 1 1 1 1 1 1 1 1 1 1 1 1
Case #912: 26 2 2 2 13 1 1 1 1 1 1 1 1 1 1 1 1 1 1 1 1 1 1 1 1 1 1
Case #913: 24 2 2 2 3 3 11 1 1 1 1 1 1 1 1 1 1 1 1 1 1 1 1 1 1
Case #914: 17 3 23 1 1 1 1 1 1 1 1 1 1 1 1 1 1 1
Case #915: -1
Case #916: -1
Case #917: 21 11 11 1 1 1 1 1 1 1 1 1 1 1 1 1 1 1 1 1 1 1
Case #918: -1
Case #919: 23 7 13 1 1 1 1 1 1 1 1 1 1 1 1 1 1 1 1 1 1 1 1 1
Case #920: 19 2 2 2 2 2 2 3 3 3 5 7 1 1 1 1 1 1 1 1
Case #921: 16 2 2 2 3 3 7 7 7 1 1 1 1 1 1 1 1
Case #922: 11 3 29 1 1 1 1 1 1 1 1 1
Case #923: 20 2 2 2 2 2 3 5 5 7 1 1 1 1 1 1 1 1 1 1 1
Case #924: -1
Case #925: 11 2 2 2 2 2 2 3 5 19 1 1
Case #926: 23 2 2 2 2 2 2 2 2 2 2 2 2 3 5 1 1 1 1 1 1 1 1 1
Case #927: 3 17 23 1
Case #928: 15 2 2 2 2 5 5 5 5 7 1 1 1 1 1 1
Case #929: 12 2 2 2 2 2 2 2 3 5 17 1 1
Case #930: 28 2 2 2 2 2 3 3 3 3 1 1 1 1 1 1 1 1 1 1 1 1 1 1 1 1 1 1 1
Case #931: 17 2 2 2 2 2 2 2 2 2 2 3 13 1 1 1 1 1
Case #932: 17 2 2 3 3 5 5 5 7 1 1 1 1 1 1 1 1 1
Case #933: 31 2 2 2 2 2 2 5 1 1 1 1 1 1 1 1 1 1 1 1 1 1 1 1 1 1 1 1 1 1 1 1
Case #934: 14 2 2 2 2 2 3 3 3 3 5 11 1 1 1
Case #935: -1
Case #936: 14 2 2 2 3 3 3 7 7 7 1 1 1 1 1
Case #937: -1
Case #938: 16 2 2 2 2 2 5 17 1 1 1 1 1 1 1 1 1
Case #939: 14 2 2 2 3 3 3 5 5 11 1 1 1 1 1
Case #940: 16 2 2 2 3 3 3 3 3 7 7 1 1 1 1 1 1
Case #941: 21 2 2 2 2 3 3 7 7 1 1 1 1 1 1 1 1 1 1 1 1 1
Case #942: 16 2 2 2 2 2 2 2 2 2 3 5 11 1 1 1 1
Case #943: 17 2 2 2 2 2 2 3 3 3 3 3 3 3 5 1 1 1
Case #944: -1
Case #945: 25 2 2 2 2 3 5 7 1 1 1 1 1 1 1 1 1 1 1 1 1 1 1 1 1 1
Case #946: 10 2 3 3 5 7 7 11 1 1 1
Case #947: 19 2 2 2 2 2 2 3 5 11 1 1 1 1 1 1 1 1 1 1
Case #948: -1
Case #949: 20 2 3 3 5 7 7 1 1 1 1 1 1 1 1 1 1 1 1 1 1
Case #950: 22 2 2 2 2 2 2 2 3 3 3 7 1 1 1 1 1 1 1 1 1 1 1
Case #951: 14 2 3 3 3 3 3 3 3 3 5 7 1 1 1
Case #952: -1
Case #953: 23 2 2 3 3 7 7 1 1 1 1 1 1 1 1 1 1 1 1 1 1 1 1 1
Case #954: -1
Case #955: 15 2 2 2 2 3 3 3 5 13 1 1 1 1 1 1
Case #956: 17 2 2 2 2 2 2 2 2 3 3 5 5 5 1 1 1 1
Case #957: 20 2 2 2 2 2 2 2 2 2 3 5 7 1 1 1 1 1 1 1 1
Case #958: 19 2 2 2 2 3 7 11 1 1 1 1 1 1 1 1 1 1 1 1
Case #959: 24 2 3 3 3 3 5 5 1 1 1 1 1 1 1 1 1 1 1 1 1 1 1 1 1
Case #960: 14 2 2 2 2 2 2 2 3 3 5 13 1 1 1
Case #961: 17 2 2 2 2 2 2 2 2 3 3 13 1 1 1 1 1 1
Case #962: 10 2 3 3 5 7 17 1 1 1 1
Case #963: 15 2 2 3 3 3 3 3 3 7 7 1 1 1 1 1
Case #964: 17 2 2 2 2 2 2 3 3 3 3 3 5 5 1 1 1 1
Case #965: -1
