965
307200
696
40950
934
3120
17280
11
7025
59
94500
27000
6765
42120
1584
92160
2200
31104
50400
92400
10800
28800
3600
16200
36
150000
110250
1824
474
57344
466560
961175759
805306368
63180
98
614400
8015864
364500
49
8400
4536
103680
25920
536870912
396
279936
31200
13680
83
44
131980
112000
5600
11085765
25002
519
32805
124
15750
10500
986129769
215040
987
362880
47628
8640
5657
7389
34848
559
64922375
61966
360000
85
48600
90
23100
114688
540
4200
1620
11664
224
8250
76032
29
2352
6804
63000
900360029
157464
3371
12870
8624
486000
8064
214573
79548
90720
6000
47473
5376
9216
22848
70560
7290
105840
5520
50
49896
10260
124416
7392
10080
7938
25200
345600
13500
19656
48000
84240
994617
7897861
78750
1701
112
70200
102
85536
19800
35100
23400
163296
4725
989447237
46080
61740
6300
226151256
54600
2940
106
41600
56
7040
20480
373248
7785
5297
8316
42
72000
922505446
12672
15680
999999998
56448
81920
8976
62
72
5616
30240
16
41472
60000
12960
949106497
162000
4000
37440
38016
4032
5808
38880
58320
288
999999999
170100
13860
20
108000
17820
96
194400
11232
11340
153600
1848
33750
646
983900459
100696425
202500
6399199
182250
82268566
16128
2618049
45000
14
18
1800
2070
27184698
54
11264
21168
23
4914
49152
9100
633
282791
476014
430080
241920
127008
26
306180
116640
7128
491520
448
198450
179200
3645
22176
67200
125
168960
73728
248832
17550
4374
79
181440
16464
48238
28000
3240
88
128
8372259
14256
4752
10000
62208
89100
33696
75264
1323
47
67584
145152
135000
20736
1
99000
1728
4896
28672
31
59136
8550
15840
125440
653477439
50544
1386
7455307
83160
104976
126720
1520
27
4704
65
43740
5000
4608
135
45
34944
7560
75
67
76
552960
133650
2600
300000
567
252000
115
2520
16000
66528
118272
640
34020
4312
192000
129600
8772
9504
24576
52
58054077
245760
2400
69888
101250
6541551
235200
3024
79200
291600
8660
2730
20592
1134
34560
5767201
16224
85050
129
99
37
472392
71805
43680
144000
9600
30030
110
65536
236250
16380
1056
21383
4480
12150
33792
147456
4655
1008
813
122880
324000
13056
35280
1741
2376
77
84000
13824
44550
1100
3168
88704
672
81000
9827
95040
56700
4
49000
78
33600
9425
176400
2000
34
912
49500
673921
28
184320
23328
13440
24000
19200
409342369
999999937
55
54432
38400
45360
480000
194241
7776
5073
180000
221184
368640
40320
1260
72900
63360
15
174960
3564
39600
31680
5940
56160
9900
15288
8960
5760
96228
6480
47040
21000
51
6400
8424
72576
2640
54880
48384
99840
113
665
957262828
2430
12240
5361
1000000000
1836
8208
25600
331776
12000
4943
19008
4800
4675
160
270000
36864
432255
18480
1960
5040
120000
510205
105000
4788
32076
29700
5250
134400
2268
5120
226800
33
375000
22
393660
97200
688978813
816
2560
71
138240
33401221
8100
29250
65610
105
967669583
47520
405000
15400
294912
136080
89
641
926315427
322560
3000
98415
243000
42336
4560
1500
32768
21952
139968
170
20160
43
1632
5
51840
6750
37800
64512
9000
6840
6075
67893369
6552
80949857
34300
42755209
621008
2016
86016
1001604
12288
107520
35
57624
5601
81
126
123
1440
524288
141120
53
21870
52920
1671
14040
68040
49920
468
442368
302400
18816
546750
322081025
414720
16320
14112
5280
192
4160
2736
55296
93312
70400
94080
122
8000
9240
3456
5721
998244353
3264
209952
77760
864
6930
30720
98304
26880
116
17
233280
3780
54000
314928
60
103
3312
13122
58
28512
1530
6037
204120
4158
1817
14400
32000
3900
2880
132000
1615
107
12768
96768
145800
57024
746803744
5304
655360
700
12544
9408
97
74
4680
85881
102060
71280
15876
22950
998506315
244944
300
9800
32670
361
93
50000
504
768
1001
49280
6720
7500
75600
23115571
110592
52488
281250
7
30973
938017885
117
2097152
311040
64800
3360
3375
24300
22464
12348
916855204
196608
186624
18432
7296
3528
29120
69984
150528
4539685
14560
63504
15552
8826131
625433749
23760
165888
89600
21504
22500
151200
131220
118263990
17640
120
9180
11016
10368
100800
40
33108
29160
123480
29400
10240
14688
57600
80640
115248
50688
969
546
622080
4320
17424
46
21840
64
40824
457481
18000
5044
32400
24750
38
78000
4620
1215
20328
155520
9450
95
1000000
70235461
17920
94
3072
589824
1904
323
109
301056
13230
121500
660
10752
256000
108864
3864
9
23232
9489
810
64680
420
44928
118
92
7390
1600
5824
7680
268800
164640
8448
262440
19440
86400
27216
2403381
86
76800
8347
3510
787320
111
17136
2156
52800
2100
2707
31590
1512
84579
46464
23040
85712697
216
4733
42000
7200
336000
25
127
31752
257
68
2250
393216
1890
108
180
5400
460800
16524
5625
66
49392
119
3960
349920
18720
40960
101
12096
27720
211680
32
501
91857
30
217728
395
94770
163840
27456
64152
63
66150
42105
259200
67500
1944
8
473
276480
346742385
3584
2431
200000
576
327680
24480
2340
782
2160
112896
1920
22680
29484
44800
105600
964532929
58800
408240
51030
19
20000
900
96000
132300
2310
13
340200
207360
725573
3509575
34111
583200
2304
201600
405
5346
193536
24
69120
189
92317161
122877509
7920
4488
786432
2906162
518400
981028563
131
48
36283838
5200
8320
9409159
57
47958485
216000
87480
161280
5184
3
25490988
6
115200
2025
240000
441
21384
41580
168000
26460
172032
230400
42768
172800
8748
587234
43200
38497
1048576
129024
904152917
15120
10
84
32256
225792
169344
14700
1249
21600
5016
12800
193
14336
81648
2
524880
36960
82944
630
517759
432000
2688
118800
80
35640
11000
70
128000
21
104
792
69
954158175
3157819
121
589833267
91
60480
24696
87
16800
8087519
18240
61440
391
70000
32640
2592
39936
31500
320
142560
35503
74088
697106497
2720
59400
95256
7056
84480
699840
362
1680
48510
10560
281
4410
24192
459270
73
1764
53940
28080
288000
53760
3696
4050
74880
29952
10710
142884
388800
482421315
