500
874810763 1000000000 1 903855415
1000000000 527180352 2 1
4 773392332 2 3
3 999999999 1 3
3 999999999 1 1
586838884 999999999 2 2
569981406 4 2 2
999999999 4 2 3
2 100 1 2
4 3 3 1
1000000000 1000000000 1 2
999999999 100 1 99
100 3 1 1
900200350 242692999 164767257 3
142421367 2 48241495 1
4 1000000000 3 3
1000000000 999999999 2 756841576
4 3 1 1
100 3 2 2
100 1000000000 2 3
1000000000 999999999 1 1
1000000000 999999999 1 3
1000000000 1000000000 2 1
275678673 999999999 1 1
999999999 999999999 2 999999998
1000000000 2 999999999 1
1000000000 634373833 687984129 3
1000000000 999999999 313743023 2
2 2 1 1
999999999 100 999999998 99
1000000000 3 999999999 1
999999999 3 618585901 2
3 1000000000 1 3
100 1000000000 2 2
4 2 3 1
999999999 3 999999998 2
999999999 999999999 2 2
1000000000 916764387 127932786 3
163592637 549432548 2 110629430
1000000000 1000000000 711006329 2
100 3 3 1
999999999 3 2 2
2 1000000000 1 999999999
3 999999999 1 999999998
100 100 3 48
4 1000000000 2 1
3 1000000000 2 999999999
1000000000 723284552 647366837 1
999999999 100 3 2
999999999 999999999 2 1
4 1000000000 2 2
999999999 999999999 3 97982365
245635459 1000000000 2 2
1000000000 100 2 27
1000000000 999999999 999999999 2
4 345870621 1 11170728
999999999 100 361399062 76
100 999999999 1 1
2 999999999 1 3
999999999 4 618409559 1
351511977 1000000000 3 1
999999999 999999999 3 999999998
189832940 1000000000 2 3
690839093 999999999 2 3
4 999999999 1 1
4 100 3 2
100 397986566 65 2
100 4 3 1
999999999 999999999 999999998 1
4 999999999 1 3
999999999 4 999999998 2
1000000000 1000000000 999999999 3
1000000000 100 3 2
999999999 999999999 999999998 3
1000000000 1000000000 1 999999999
3 100 1 2
1000000000 100 999999999 3
999999999 1000000000 2 3
4 100 2 1
1000000000 4 2 2
1000000000 1000000000 2 2
999999999 999999999 1 1
3 100 2 2
4 4 1 2
2 4 1 2
100 100 2 1
251333014 100 1 2
1000000000 2 592728920 1
402854259 831040336 3 3
4 1000000000 1 2
100 1000000000 3 2
3 811153361 1 12686097
513324740 2 1 1
3 348674172 2 208198940
100 4 84 3
100 999999999 2 999999998
3 387806766 2 3
606735969 100 574575067 9
100 4 3 3
543390985 2 25843304 1
999999999 999999999 1 999999998
100 1000000000 1 3
4 4 1 3
2 477765917 1 413635441
779009402 100 3 3
3 999999999 2 2
999999999 130079639 121158886 3
1000000000 999999999 3 2
475576299 79599546 62711377 1
3 100 1 1
499812538 999999999 1 1
2 1000000000 1 3
135818523 100 127108945 1
349725997 3 3 2
999999999 100 3 1
100 3 2 1
4 999999999 1 2
1000000000 4 999999999 3
241065083 1000000000 1 1
2 4 1 1
3 999999999 2 999999998
2 43534587 1 1
999999999 999999999 1 2
4 783105139 2 2
3 1000000000 2 1
1000000000 4 2 1
100 100 3 2
999999999 1000000000 1 2
713458743 999999999 1 232415301
4 100 2 99
1000000000 4 998306795 2
100 4 99 2
1000000000 1000000000 3 2
1000000000 999999999 3 1
1000000000 999999999 3 999999998
999999999 1000000000 3 233117279
4 1000000000 1 809590669
100 1000000000 1 999999999
100 999999999 3 1
999999999 100 2 11
2 1000000000 1 1
1000000000 1000000000 999999999 1
999999999 3 768481208 2
100 1000000000 2 1
2 100 1 3
4 100 2 2
100 100 1 1
1000000000 100 3 1
2 475952396 1 3
826551905 100 1 49
999999999 1000000000 2 999999999
100 999999999 3 607160337
100 999999999 3 999999998
1000000000 748176992 2 3
100 470997877 1 2
992439437 2 2 1
1000000000 999999999 90055928 1
945684593 999999999 725490874 3
1000000000 3 3 2
999999999 100 1 3
3 4 2 2
4 100 3 1
999999999 100 1 2
999999999 100 2 3
4 100 3 99
4 100 1 99
100 100 3 1
1000000000 100 999999999 2
1000000000 100 999999999 99
1000000000 999999999 999999999 3
100 999999999 99 2
999999999 100 2 99
100 100 2 2
207868204 1000000000 2 225202610
100 1000000000 99 3
999999999 3 1 2
3 100 2 99
4 1000000000 1 999999999
3 999999999 1 419422452
3 332461468 2 3
3 637320062 1 460765579
216458893 858261817 2 730048733
100 3 1 2
1000000000 100 3 99
4 999999999 2 999999998
3 565428755 1 2
1000000000 4 1 2
1000000000 999999999 999999999 1
3 100 1 99
4 4 3 1
100 999999999 1 3
2 100 1 99
312920545 1000000000 309279031 2
4 4 2 3
3 2 1 1
1000000000 2 1 1
999999999 1000000000 3 3
1000000000 4 3 3
999999999 4 2 1
3 440178503 1 1
1000000000 100 1 1
4 867643142 2 2
999999999 999999999 470395372 2
999999999 4 3 1
4 4 3 3
100 3 3 2
100 4 1 1
100 2 3 1
100 100 1 3
2 3 1 1
946260157 2 1 1
159636198 2 132750702 1
100 999999999 5 3
100 100 99 3
100 999999999 2 2
100 999999999 1 2
1000000000 1000000000 3 3
999999999 2 999999998 1
999999999 3 132294377 2
1000000000 999999999 2 47219043
3 999999999 2 217585714
999999999 1000000000 3 1
1000000000 4 999999999 2
4 410312616 3 176330867
3 999999999 2 478452455
999999999 1000000000 999999998 2
4 4 2 2
999999999 1000000000 1 3
100 1000000000 1 1
999999999 1000000000 2 1
100 1000000000 99 999999999
100 351514573 1 3
999999999 1000000000 999999998 3
999999999 1000000000 488516079 1
999999999 234259462 1 104118482
1000000000 999999999 1 999999998
1000000000 1000000000 244626410 3
1000000000 100 1 99
422251405 1000000000 332267304 3
3 1000000000 1 999999999
999999999 3 1 1
671771882 1000000000 458242975 1
100 100 2 99
999999999 100 999999998 3
57695794 1000000000 17394064 1
100 100 99 2
999999999 153855548 3 2
2 4 1 3
999999999 1000000000 141127510 2
100 999999999 57 187975571
3 1000000000 1 638408569
1000000000 1000000000 999999999 2
3 1000000000 2 3
3 4 1 3
999999999 4 3 2
100 616551719 3 3
100 1000000000 14 1
100 999999999 99 1
4 999999999 2 471976874
999999999 999999999 999999998 2
697757447 999999999 3 614333645
999999999 2 1 1
999999999 4 1 2
100 4 3 2
999999999 999999999 1 3
100 100 2 3
1000000000 100 2 99
977912389 734778827 532290378 1
999999999 3 999999998 1
2 1000000000 1 2
100 3 99 2
3 1000000000 2 2
4 2 2 1
2 270189690 1 1
1000000000 100 872721048 64
126406469 999999999 3 3
4 100 2 71
999999999 3 976671636 2
100 1000000000 3 3
1000000000 3 2 2
4 625855660 3 1
914040527 100 1 2
999999999 100 3 3
452792670 1000000000 2 115192647
4 999999999 3 2
4 308024713 3 2
999999999 2 2 1
1000000000 1000000000 1 1
6565870 999999999 5153895 286487589
1000000000 100 75322340 3
3 2 2 1
474573491 100 2 2
4 4 3 2
999999999 4 627313199 3
4 21218471 2 2
803061495 4 3 3
999999999 100 1 1
588175668 2 2 1
1000000000 100 999999999 1
4 4 1 1
990898699 2 1 1
1000000000 352351844 795508322 1
999999999 1000000000 2 724564983
4 142306207 2 3
1000000000 1000000000 3 999999999
999999999 2 3 1
999999999 100 999999998 2
1000000000 1000000000 432922762 516684653
365482087 971250614 97597 28576180
2 3 1 2
999999999 3 3 1
999999999 388726895 726514352 2
1000000000 100 2 1
4 100 1 1
999999999 999999999 1 713021361
4 3 3 2
999999999 4 3 3
999999999 999999999 3 1
3 999999999 2 3
699118378 100 371255050 53
1000000000 999999999 2 3
1000000000 4 3 2
999999999 1000000000 999999998 1
100 3 98 2
4 1000000000 3 2
2 590064564 1 410727603
4 1000000000 2 999999999
688697997 456509775 2 1
4 999999999 3 3
4 1000000000 3 999999999
904027769 100 278679397 3
100 100 1 2
3 1000000000 1 2
999999999 100 999999998 1
4 999999999 3 999999998
1000000000 100 2 2
100 1000000000 2 999999999
100 1000000000 3 999999999
3 1000000000 1 1
3 982500203 1 839934728
3 1000000000 2 174737436
999999999 1000000000 534911742 345724526
999999999 999999999 3 361042743
4 1000000000 2 812085677
999999999 1000000000 1 999999999
19089712 3 3 1
1000000000 100 1 3
1000000000 3 198570665 2
1000000000 4 2 3
100 4 2 2
2 100 1 1
1000000000 889034323 2 585497466
999999999 1000000000 999999998 999999999
100 999999999 1 913663288
999999999 4 999999998 3
66434218 3 2 2
4 999999999 1 999999998
999999999 4 999999998 1
204388631 3 2 2
100 100 3 3
4 999999999 2 2
999999999 1000000000 3 999999999
100 2 99 1
100 999999999 3 3
999999999 1000000000 38408940 1
999999999 100 2 1
100 999999999 3 2
76553835 3 3 2
999999999 1000000000 1 1
100 4 1 3
100 999999999 2 1
3 4 1 2
3 999999999 1 2
3 100 2 3
3 929445484 2 1
999999999 489345280 108542079 3
999999999 100 2 2
3 100 2 1
999999999 1000000000 3 2
3 4 2 1
704993648 595827515 1 3
1000000000 100 2 3
100 1000000000 3 875437474
100 100 99 99
702326696 999999999 3 1
1000000000 3 999999999 2
755742919 1000000000 2 2
3 3 2 2
4 3 2 1
1000000000 999999999 2 999999998
100 4 99 3
160776118 100 1 1
1000000000 1000000000 301408972 2
100 999999999 99 3
100 3 99 1
2 100 1 66
377173489 999999999 3 1
543383962 764857696 2 41522173
4 292678792 1 2
100 1000000000 3 1
999999999 1000000000 2 2
1000000000 1000000000 1 3
999999999 999999999 999999998 999999998
4 2 1 1
4 100 2 3
999999999 3 2 1
999999999 553819129 274277625 13275303
880984255 1000000000 1 3
100 1000000000 1 2
4 3 2 2
999999999 100 3 99
4 100 1 2
100 1000000000 99 1
201238540 100 49757290 14
100 1000000000 99 2
400638252 4 3 2
900930753 3 3 1
999999999 999999999 3 3
1000000000 2 3 1
999999999 4 1 3
4 4 2 1
3 999999999 2 1
1000000000 999999999 2 1
1000000000 1000000000 2 3
100 2 2 1
999999999 3 3 2
3 3 1 2
100 999999999 1 999999998
999999999 999999999 3 2
1000000000 100 1 2
999999999 4 888595089 3
1000000000 1000000000 990110168 2
2 999999999 1 999999998
1000000000 3 3 1
4 198068727 2 2
1000000000 1000000000 999999999 999999999
100 4 2 3
1000000000 4 1 1
2 999999999 1 1
564769898 999999999 3 3
630783940 100 3 2
3 3 2 1
804684832 197217720 1 153175513
1000000000 999999999 999999999 999999998
999999999 999999999 2 3
3 402700402 2 1
3 3 1 1
1000000000 999999999 1 2
4 100 3 3
3 4 2 3
1000000000 4 3 1
1000000000 100 3 3
100 100 99 1
1000000000 100 99694839 3
1000000000 999999999 3 3
1000000000 999999999 2 2
3 4 1 1
100 2 1 1
999999999 4 2 2
4 3 1 2
100 4 99 1
404696558 1000000000 344580310 355699065
100 100 1 99
4 100 1 3
998645846 2 2 1
1000000000 4 999999999 1
4 1000000000 3 1
4 999999999 2 3
1000000000 1000000000 3 1
999999999 4 1 1
100 999999999 72 3
100 2 9 1
100 4 2 1
515006471 3 3 2
100 100 3 99
4 1000000000 1 1
1000000000 4 1 3
1000000000 2 2 1
4 1000000000 1 3
3 999999999 1 79992930
100 999999999 99 999999998
100 4 1 2
4 1000000000 2 3
100 999999999 2 3
1000000000 1000000000 2 999999999
587962907 2 570433024 1
1000000000 3 2 1
259765240 2 1 1
427727826 1000000000 3 1
1000000000 1000000000 1 4469475
632200338 3 1 2
1000000000 3 1 1
2 999999999 1 2
1000000000 84082569 375561153 2
3 190048202 1 3
3 100 1 3
163708539 999999999 3 3
1000000000 3 1 2
4 999999999 3 1
4 999999999 2 1
