100
537 11
2 36
453 71
1000 96
143 26
965 51
2 50
2 2
871 75
79 65
772 5
911 80
793 69
440 28
270 26
555 27
950 95
745 5
838 46
642 34
635 54
451 5
81 39
582 60
2 4
924 39
508 54
565 89
387 98
108 30
2 1
373 46
132 90
906 56
29 97
728 33
1000 4
758 85
169 3
865 23
915 30
930 46
1000 98
853 50
13 37
355 11
2 98
1000 5
2 95
124 68
583 72
3 10
494 92
912 68
801 16
755 11
712 1
1000 99
2 99
226 22
492 78
580 93
551 71
95 37
1000 97
424 35
875 93
443 91
30 46
397 40
808 71
103 5
289 65
824 54
656 95
289 48
1000 3
991 9
633 94
2 96
964 38
1000 1
978 10
2 3
918 38
748 77
363 69
500 44
823 3
432 88
958 86
398 61
837 81
484 74
2 97
1000 95
716 10
2 5
659 89
1000 2
